,cum_infections,cum_infectious,cum_tests,cum_diagnoses,cum_recoveries,cum_symptomatic,cum_severe,cum_critical,cum_deaths,cum_quarantined,new_infections,new_infectious,new_tests,new_diagnoses,new_recoveries,new_symptomatic,new_severe,new_critical,new_deaths,new_quarantined,n_susceptible,n_exposed,n_infectious,n_symptomatic,n_severe,n_critical,n_diagnosed,n_quarantined,prevalence,incidence,r_eff,doubling_time,test_yield,t
0,400.0,0.0,5.0,0.0,0.0,0.0,0.0,0.0,0.0,0.0,0.0,0.0,5.0,0.0,0.0,0.0,0.0,0.0,0.0,0.0,2246000.0,400.0,0.0,0.0,0.0,0.0,0.0,0.0,0.00017777777777777779,0.0,2.1293210122250623,,0.0,0
1,400.4,5.6,6.0,0.0,0.0,1.8,0.0,0.0,0.0,0.0,0.4,5.6,1.0,0.0,0.0,1.8,0.0,0.0,0.0,0.0,2245996.0,400.4,5.6,1.8,0.0,0.0,0.0,0.0,0.00017795555555555554,1.780951829705386e-07,2.3228956497000683,,0.0,1
2,422.4,56.0,8.0,0.0,0.0,13.2,0.0,0.0,0.0,0.0,22.0,50.4,2.0,0.0,0.0,11.4,0.0,0.0,0.0,0.0,2245776.0,422.4,56.0,13.2,0.0,0.0,0.0,0.0,0.00018773333333333333,9.796229131455863e-06,2.3360071523354917,,0.0,2
3,464.6,141.4,8.0,0.0,0.0,48.4,0.0,0.0,0.0,0.0,42.2,85.4,0.0,0.0,0.0,35.2,0.0,0.0,0.0,0.0,2245354.0,464.6,141.4,48.4,0.0,0.0,0.0,0.0,0.0002064888888888889,1.8794444146740162e-05,2.297922486248347,14.139089212649633,0.0,3
4,540.4,229.2,10.0,0.0,0.0,97.6,0.0,0.0,0.0,0.0,75.8,87.8,2.0,0.0,0.0,49.2,0.0,0.0,0.0,0.0,2244596.0,540.4,229.2,97.6,0.0,0.0,0.0,0.0,0.00024017777777777779,3.377001259671262e-05,2.2087393705663567,6.953556210723713,0.0,4
5,633.8,305.8,10.0,0.0,0.0,152.0,0.2,0.0,0.0,0.0,93.4,76.6,0.0,0.0,0.0,54.4,0.2,0.0,0.0,0.0,2243662.0,633.8,305.8,152.0,0.2,0.0,0.0,0.0,0.00028168888888888886,4.1628507769576537e-05,2.1064702126238366,5.139595652752763,0.0,5
6,729.0,377.6,11.0,0.0,0.2,204.6,0.2,0.0,0.0,0.0,95.2,71.8,1.0,0.0,0.2,52.6,0.0,0.0,0.0,0.0,2242710.0,728.8,377.4,204.6,0.2,0.0,0.0,0.0,0.0003239111111111111,4.244866670122481e-05,2.0086632539923293,4.617638403979564,0.0,6
7,830.8,443.6,11.0,0.0,0.6,247.8,1.2,0.2,0.0,0.0,101.8,66.0,0.0,0.0,0.4,43.2,1.0,0.2,0.0,0.0,2241692.0,830.2,443.0,247.6,1.2,0.2,0.0,0.0,0.00036897777777777777,4.5412528399288874e-05,1.930972867679889,4.840115842016518,0.0,7
8,941.8,515.6,12.0,0.0,6.2,292.6,3.0,0.6,0.0,0.0,111.0,72.0,1.0,0.0,5.6,44.8,1.8,0.4,0.0,0.0,2240582.0,935.6,509.4,290.2,3.0,0.6,0.0,0.0,0.0004158222222222223,4.954144279224191e-05,1.880439767902611,5.283754200898729,0.0,8
9,1048.0,599.0,13.0,0.0,24.0,344.8,5.0,0.8,0.0,0.0,106.2,83.4,1.0,0.0,17.8,52.2,2.0,0.2,0.0,0.0,2239520.0,1024.0,575.0,334.0,5.0,0.8,0.0,0.0,0.00045511111111111116,4.742146067884195e-05,1.8589716520349064,5.776606299701358,0.0,9
10,1180.2,686.2,13.0,0.0,56.0,397.0,7.8,0.8,0.0,0.0,132.2,87.2,0.0,0.0,32.0,52.2,2.8,0.0,0.0,0.0,2238198.0,1124.2,630.2,369.6,7.8,0.8,0.0,0.0,0.0004996444444444445,5.906558775363811e-05,1.8672146725285323,5.940990423353584,0.0,10
11,1316.2,786.6,13.0,0.0,104.2,457.2,10.2,1.2,0.0,0.0,136.0,100.4,0.0,0.0,48.2,60.2,2.4,0.4,0.0,0.0,2236838.0,1212.0,682.4,402.0,10.2,1.2,0.0,0.0,0.0005386666666666667,6.08008106167038e-05,1.9123231876250375,6.226472191937967,0.0,11
12,1475.0,890.6,13.0,0.0,169.0,523.0,14.6,1.4,0.0,0.0,158.8,104.0,0.0,0.0,64.8,65.8,4.4,0.2,0.0,0.0,2235250.0,1306.0,721.6,428.4,14.6,1.4,0.0,0.0,0.0005804444444444444,7.104506084293501e-05,1.9851577594841934,6.093725965249537,0.0,12
13,1649.6,1011.6,13.0,0.0,240.0,593.4,16.8,2.0,0.2,0.0,174.6,121.0,0.0,0.0,71.0,70.4,2.2,0.6,0.2,0.0,2233504.0,1409.4,771.4,453.6,16.6,1.8,0.0,0.0,0.0006264000507654546,7.817632760181765e-05,2.035911365664373,6.234400088714392,0.0,13
14,1830.2,1133.6,13.0,0.0,311.2,673.4,19.0,2.4,0.2,0.0,180.6,122.0,0.0,0.0,71.2,80.0,2.2,0.4,0.0,0.0,2231698.0,1518.8,822.2,488.8,18.8,2.2,0.0,0.0,0.0006750222772148394,8.092650982085028e-05,2.036219725147599,6.327041324160382,0.0,14
15,2026.8,1273.8,13.0,0.0,379.0,765.8,23.4,3.8,0.4,0.0,196.6,140.2,0.0,0.0,67.8,92.4,4.4,1.4,0.2,0.0,2229732.0,1647.4,894.4,537.4,23.0,3.4,0.0,0.0,0.000732177901906228,8.817405001933123e-05,2.011051059993714,6.555117259050732,0.0,15
16,2230.0,1415.6,13.0,0.0,454.2,860.8,28.4,4.2,0.6,0.0,203.2,141.8,0.0,0.0,75.2,95.0,5.0,0.4,0.2,0.0,2227700.0,1775.2,960.8,584.2,27.8,3.6,0.0,0.0,0.0007889779829334869,9.12162571975233e-05,1.9894967211114767,6.905249149147029,0.0,16
17,2457.8,1580.4,13.0,0.0,528.2,957.8,33.0,4.8,0.8,0.0,227.8,164.8,0.0,0.0,74.0,97.0,4.6,0.6,0.2,0.0,2225422.0,1928.8,1051.4,633.4,32.2,4.0,0.0,0.0,0.0008572447513286001,0.00010236587609999707,1.9843924921927065,7.055332001815924,0.0,17
18,2701.4,1755.8,13.0,0.0,609.8,1069.2,37.0,5.8,0.8,0.0,243.6,175.4,0.0,0.0,81.6,111.4,4.0,1.0,0.0,0.0,2222986.0,2090.8,1145.2,694.2,36.0,5.0,0.0,0.0,0.0009292447779952852,0.00010958806266121184,1.9939293920991588,7.2436071223674645,0.0,18
19,2978.2,1947.0,13.0,0.0,701.6,1190.8,42.0,6.8,1.2,0.0,276.8,191.2,0.0,0.0,91.8,121.6,5.0,1.0,0.4,0.0,2220218.0,2275.4,1244.2,756.6,40.4,5.6,0.0,0.0,0.0010112894194966849,0.00012467360957010813,1.9976089749034487,7.195341160871425,0.0,19
20,3261.8,2145.6,13.0,0.0,792.2,1320.2,46.2,8.8,1.4,0.0,283.6,198.6,0.0,0.0,90.6,129.4,4.2,2.0,0.2,0.0,2217382.0,2468.2,1352.0,826.6,44.4,7.4,0.0,0.0,0.00109697845317595,0.00012789797448878234,1.9878235111653386,7.345593707519626,0.0,20
21,3574.2,2362.8,13.0,0.0,899.8,1456.8,50.4,10.4,1.6,0.0,312.4,217.2,0.0,0.0,107.6,136.6,4.2,1.6,0.2,0.0,2214258.0,2672.8,1461.4,890.6,47.4,8.8,0.0,0.0,0.0011879119490775672,0.00014108867215394794,1.9834536107917295,7.426187067912474,0.0,21
22,3921.2,2605.6,13.0,0.0,1017.8,1609.6,58.6,11.2,1.8,0.0,347.0,242.8,0.0,0.0,118.0,152.8,8.2,0.8,0.2,0.0,2210788.0,2901.6,1586.0,968.0,55.0,9.4,0.0,0.0,0.001289601030006114,0.0001569613975247432,1.977398161313064,7.55759511948966,0.0,22
23,4283.2,2870.6,13.0,0.0,1144.8,1776.0,65.4,12.8,2.4,0.0,362.0,265.0,0.0,0.0,127.0,166.4,6.8,1.6,0.6,0.0,2207168.0,3136.0,1723.4,1053.4,60.4,10.4,0.0,0.0,0.0013937792548759345,0.00016401838985367895,1.950562314519854,7.638476384810515,0.0,23
24,4660.8,3143.8,14.0,0.0,1292.0,1953.2,73.0,14.0,3.4,0.0,377.6,273.2,1.0,0.0,147.2,177.2,7.6,1.2,1.0,0.0,2203392.0,3365.4,1848.4,1131.4,64.2,10.2,0.0,0.0,0.0014957355806456641,0.00017137236826292958,1.924499613282348,7.833313693348939,0.0,24
25,5079.6,3441.0,15.0,0.0,1438.2,2154.4,80.2,16.8,3.6,0.0,418.8,297.2,1.0,0.0,146.2,201.2,7.2,2.8,0.2,0.0,2199204.0,3637.8,1999.2,1236.8,68.6,12.6,0.0,0.0,0.0016168025763207473,0.0001904295262343503,1.9134770406936947,8.03729407978311,0.0,25
26,5524.4,3767.6,16.0,0.2,1599.6,2348.6,88.6,18.8,5.0,0.0,444.8,326.6,1.0,0.2,161.4,194.2,8.4,2.0,1.4,0.0,2194756.0,3919.8,2163.0,1326.0,72.8,13.0,0.0,0.0,0.0017421371716838051,0.0002026769859803061,1.8957149064166523,8.17653352937705,0.2,26
27,5998.2,4125.0,17.0,0.2,1773.2,2578.6,100.4,21.4,6.4,0.0,473.8,357.4,1.0,0.0,173.6,230.0,11.8,2.6,1.4,0.0,2190018.0,4218.6,2345.4,1436.4,80.4,14.0,0.0,0.0,0.001874938620816664,0.00021634626489739915,1.8639761687573675,8.243515719737047,0.0,27
28,6492.8,4488.4,19.0,0.6,1962.6,2821.8,111.6,24.8,7.0,0.0,494.6,363.4,2.0,0.4,189.4,243.2,11.2,3.4,0.6,0.0,2185072.0,4523.2,2518.8,1554.6,88.6,16.6,0.2,0.0,0.00201031731166632,0.00022635974220588562,1.838738018439227,8.47514698855245,0.2,28
29,7030.6,4882.2,20.0,0.8,2162.2,3069.0,125.8,29.4,7.6,0.0,537.8,393.8,1.0,0.2,199.6,247.2,14.2,4.6,0.6,0.0,2179694.0,4860.8,2712.4,1668.0,99.2,20.6,0.2,0.0,0.002160362797973174,0.0002467441900507846,1.8300307954097748,8.626003739591676,0.2,29
30,7615.8,5309.4,23.0,0.8,2384.8,3338.8,138.4,34.2,8.4,0.0,585.2,427.2,3.0,0.0,222.6,269.8,12.6,4.8,0.8,0.0,2173842.0,5222.6,2916.2,1792.6,106.0,23.6,0.6,0.0,0.0023211641782097995,0.000269201010457529,1.8167178220252178,8.711715222116291,0.0,30
31,8218.8,5774.4,27.0,1.0,2624.0,3631.4,153.2,37.2,9.4,0.0,603.0,465.0,4.0,0.2,239.2,292.6,14.8,3.0,1.0,0.0,2167812.0,5585.4,3141.0,1924.4,116.4,25.2,0.8,0.0,0.00248241035836845,0.0002781631159762968,1.7857202945964947,8.821734037150751,0.05,31
32,8854.6,6271.0,37.0,2.4,2872.8,3946.8,171.8,40.2,10.6,0.0,635.8,496.6,10.0,1.4,248.8,315.4,18.6,3.0,1.2,0.0,2161454.0,5971.2,3387.6,2074.8,131.6,27.0,0.8,0.0,0.0026538791835904983,0.00029417031379629804,1.7630756800237513,9.016277839489376,0.14,32
33,9551.4,6789.2,62.0,5.0,3149.0,4290.0,190.6,46.4,12.4,0.0,696.8,518.2,25.0,2.6,276.2,343.2,18.8,6.2,1.8,0.0,2154486.0,6390.0,3627.8,2238.6,145.2,31.2,1.0,0.0,0.0028400156575368917,0.00032342834233805635,1.7535985337701718,9.182088782691359,0.10400000000000001,33
34,10304.0,7343.2,106.0,9.6,3449.0,4642.4,206.6,52.4,15.2,0.0,752.6,554.0,44.0,4.6,300.0,352.4,16.0,6.0,2.8,0.0,2146960.0,6839.8,3879.0,2392.4,155.0,34.4,2.4,0.0,0.0030399316695976044,0.0003505562326433885,1.7179630070244074,9.198008870140361,0.10454545454545454,34
35,11006.6,7917.6,206.0,20.4,3758.6,5003.8,228.2,56.8,16.4,0.0,702.6,574.4,100.0,10.8,309.6,361.4,21.6,4.4,1.2,0.0,2139934.0,7231.6,4142.6,2549.8,170.6,36.8,5.0,0.0,0.0032140678806688665,0.0003283427507683017,1.6702931211676078,9.566097744000206,0.10800000000000001,35
36,11806.64,8560.24,325.98,31.8,4110.780000000001,5403.5199999999995,250.0,62.32000000000001,19.259999999999998,0.0,800.04,642.64,119.97999999999999,11.4,352.18,399.71999999999997,21.8,5.5200000000000005,2.8600000000000003,0.0,2134186.0,7677.1,4429.76,2718.32,183.4,38.82,9.36,0.0,0.0034120736513776465,0.0003748710705892113,1.6757234682548496,9.82029129894305,0.09501529051987767,36
37,12699.136,9220.394,472.302,49.906000000000006,4487.596,5838.3279999999995,271.51599999999996,69.734,21.042,0.0,892.4960000000001,660.1540000000001,146.32200000000003,18.106,376.81600000000003,434.8080000000001,21.516000000000002,7.414,1.782,0.0,2136764.0,8212.380000000001,4726.304000000001,2916.606,198.726,43.56,20.130000000000003,0.0,0.003649980797161769,0.0004176699237975025,1.7322501127622754,9.956388793226536,0.12374324240352949,37
38,13690.192000000001,9949.914,676.8140000000001,71.994,4884.08,6285.808,293.31800000000004,75.234,23.154000000000003,0.0,991.0560000000002,729.5200000000002,204.51200000000003,22.088000000000005,396.48400000000004,447.48000000000013,21.802,5.500000000000002,2.112,0.0,2134690.0,8813.904000000002,5057.426000000001,3109.2600000000007,212.91600000000003,45.562,32.318000000000005,0.0,0.003917330892844438,0.0004642704990837789,1.788130441792316,9.540126508970534,0.10800407202392312,38
39,14746.643000000002,10681.6252,888.5156000000001,95.63740000000001,5313.968800000001,6769.1546,315.63039999999995,81.2114,25.5982,0.0,1056.4510000000002,731.7112000000002,211.70160000000004,23.643400000000007,429.88880000000006,483.3466,22.312400000000007,5.977400000000001,2.4442000000000004,0.0,2132714.0,9440.178000000004,5364.946400000001,3308.2852000000007,225.71340000000004,47.79500000000001,49.99720000000001,0.0,0.004195682184520168,0.0004953460555290713,1.8228092268352636,9.357141889465362,0.11167654986522912,39
40,15899.954500000002,11470.189460000001,1055.90216,112.48786,5765.0447,7259.38852,340.20065999999997,86.45554000000001,27.222020000000004,0.0,1153.3115000000005,788.5642600000002,167.38656000000006,16.850460000000005,451.07590000000016,490.23392000000024,24.57026000000001,5.2441400000000025,1.6238200000000007,0.0,2135042.0,10132.876380000005,5681.479980000002,3489.6690400000016,238.9411200000001,49.00742000000002,72.80570000000003,0.0,0.004503554807798868,0.0005401712467121586,1.8278279268884219,9.258921920809012,0.10066833751044277,40
41,17090.882722000002,12349.410792,1268.255224,136.03058800000002,6247.8170340000015,7789.099900000001,366.84728000000007,91.81414600000001,29.945246000000004,0.0,1190.9282220000005,879.2213320000004,212.35306400000007,23.54272800000001,482.7723340000002,529.7113800000003,26.646620000000006,5.358606000000003,2.7232260000000013,0.0,2135494.0,10822.597918000005,6079.382430000003,3718.521180000002,259.7899040000001,51.50703800000002,94.69798800000004,0.0,0.004810107265235364,0.0005576758093882037,1.7935951065842275,9.374728897900983,0.11086729362591433,41
42,18299.233734,13298.762514000002,1683.8253680000005,183.40886400000005,6770.061504,8378.751534,396.5977920000001,99.0468,32.7856,0.0,1208.3510120000005,949.3517220000006,415.57014400000014,47.37827600000002,522.2444700000002,589.6516340000003,29.750512000000015,7.232654000000004,2.8403540000000014,0.0,2134214.0,11512.247582000005,6514.717924000003,3955.031894000002,279.46740800000015,56.51426000000002,111.30088200000004,0.0,0.005116628642874937,0.0005661912028124174,1.7487527136929846,9.64164448938331,0.1140080794846599,42
43,19594.663557600004,14331.002793400005,2417.831405600001,266.1246576000001,7330.551194200001,9033.005116400001,425.8124434000001,107.61471320000001,37.45607900000001,0.0,1295.4298236000006,1032.2402794000004,734.0060376000004,82.71579360000003,560.4896902000003,654.2535824000004,29.214651400000015,8.567913200000003,4.670479000000003,0.0,2132938.0,12241.099987600006,6978.951823800004,4243.307327600001,293.82144440000013,59.20234760000003,138.69712120000005,0.0,0.005440578986676157,0.0006073289067868009,1.7275827689224161,9.963970731277872,0.1126875158911772,43
44,21034.234026200003,15377.853619520003,3218.647840040001,352.71855928000014,7907.336024580001,9722.744676140002,451.50007790000006,116.40165576,41.07006344000001,0.0,1439.5704686000013,1046.8508261200009,800.8164344400005,86.59390168000006,576.7848303800004,689.7395597400003,25.68763450000002,8.786942560000005,3.613984440000003,0.0,2135760.0,13098.744877900008,7467.802808180005,4549.014335800003,304.1770237000002,61.22514816000004,183.9943254600001,0.0,0.005821770033242351,0.0006740198513899585,1.6997760999980964,10.032856486068091,0.10813254957690073,44
45,22429.866238878003,16522.023377614,4421.0452650820025,468.62825238800013,8534.939853806001,10436.325903818,480.029296244,124.82011363200002,43.096729224000015,0.0,1395.632212678001,1144.1697580940008,1202.397425042001,115.90969310800008,627.6038292260004,713.5812276780005,28.52921834400002,8.418457872000007,2.0266657840000013,0.0,2137082.0,13881.41344145601,7988.960623160005,4843.536352050003,322.8244747860002,65.47689456000003,266.15578151800025,0.0,0.00616963472033003,0.0006530405941773074,1.6273724483348964,10.219690737416792,0.09639882474280415,45
46,23827.797937734,17747.376690094006,5788.732874546004,616.5748546200003,9202.999050028002,11203.146082668001,511.98825668400013,130.23754717000003,46.87724039800002,0.0,1397.931698856001,1225.353312480001,1367.6876094640008,147.94660223200012,668.0591962220005,766.8201788500006,31.95896044000002,5.4174335380000045,3.780511174000003,0.0,2136728.0,14608.323894098012,8541.188074958007,5176.572104440004,334.08805962400027,65.20407416600004,352.7177951000002,0.0,0.0064927230854652405,0.0006542033143804787,1.543511832074352,10.633877973548406,0.10817279782797025,46
47,25291.611864306804,19013.551728384806,6562.396947851204,698.1598447286003,9915.399355143401,12035.072899829003,549.8869068448,140.05518391980002,49.53529052240002,0.0,1463.813926572801,1266.1750382908008,773.6640733052006,81.58499010860007,712.4003051154006,831.9268171610005,37.898650160800024,9.817636749800005,2.6580501244000017,0.0,2136470.0,15359.028182531012,9098.119729835405,5545.207020812804,356.3073319982003,69.02355968200004,466.4449250560004,0.0,0.006826384365281648,0.0006851226138834321,1.4796526420305895,11.283747211113562,0.10545402337679888,47
48,26826.249965162006,20329.929616605805,7005.7768573116045,745.7903880868005,10689.063428448604,12871.629868819602,587.6140699008001,145.67138660200004,51.85036643720002,0.0,1534.6381008552012,1316.3778882210013,443.37990946040037,47.630543358200036,773.6640733052006,836.5569689906006,37.72716305600004,5.616202682200004,2.315075914800002,0.0,2134080.0,16110.699034645611,9644.177543294809,5896.026765457404,375.42814418340026,69.10930323440004,614.6955271556004,0.0,0.007160475056187142,0.000719106918930677,1.4084562440438149,11.634645026669196,0.10742625141330045,48
49,28208.620378487667,21653.870086148487,8510.147484169607,901.9808431386406,11480.626468317303,13760.104558788404,631.2361021843002,155.33897213510005,55.76455960426002,0.0,1382.370413325661,1323.9404695426808,1504.3706268580013,156.19045505184013,791.5630398687006,888.4746899688007,43.62203228350004,9.667585533100006,3.914193167060003,0.0,2134888.0,16693.137837388334,10166.432946607969,6278.554475779526,402.6903066689804,72.10604039078007,699.6030799197006,0.0,0.007419355613334819,0.000647506593301952,1.3268717528110332,12.33385111818272,0.1038244514106583,49
50,29673.254870856937,22999.192425353154,9841.463614089736,1028.6592248899246,12379.876979233974,14629.008282921906,676.6265952360502,163.43144861061205,60.07017208802603,0.0,1464.6344923692693,1345.322339204669,1331.3161299201292,126.67838175128414,899.2505109166708,868.9037241335009,45.390493051750035,8.092476475512008,4.305612483766004,0.0,2139926.0,17258.502955259406,10606.59104208694,6544.582850173529,419.56378034577637,72.93603797801208,741.2397202473787,0.0,0.007670649694908406,0.0006843940130398287,1.2709507207984316,13.020691088606185,0.09515091559495933,50
51,31186.13297298407,24472.749391785168,11330.686784980751,1177.125043306049,13363.99474344512,15550.35747959863,728.8126935332623,171.83517418133607,62.30079060371204,0.0,1512.8781021271295,1473.5569664320133,1489.2231708910174,148.46581841612414,984.117764211143,921.349196676723,52.18609829721205,8.403725570724008,2.2306185156860026,0.0,2138620.0,17791.983904452773,11101.321478926417,6833.31826083186,449.59931803373445,75.63353013651607,897.0717672501869,0.0,0.007907766685549456,0.0007074299794851271,1.2362977433436426,13.817645370376187,0.09969295259455059,51
52,32655.31688962835,25876.425748857167,12737.045071756496,1313.1616478533738,14392.657440666018,16541.986721974223,779.6552332361426,182.50583066218746,68.17821101829864,0.0,1469.1839166442849,1403.6763570719993,1406.3582867757427,136.03660454732494,1028.6626972209003,991.6292423755928,50.842539702880245,10.670656480851411,5.877420414586606,0.0,2139882.0,18241.116348843694,11490.813409189792,7162.806553023285,480.0654169700691,78.5177717521473,1028.5485725526562,0.0,0.008107407557086378,0.0006865471306181639,1.1999015644978557,14.220912452836965,0.09672739785569401,52
53,34163.873816816966,27321.985859174863,13995.497788487497,1431.2806794863277,15434.102100730292,17482.60223764457,831.5819572873446,195.23073117143807,70.06126804433123,0.0,1508.556927188603,1445.5601103176941,1258.4527167310002,118.11903163295415,1041.4446600642734,940.6155156703459,51.92672405120205,12.724900509250613,1.883057026032602,0.0,2139080.0,18744.520260469744,11907.996133957196,7408.802275424088,506.3140906662811,84.1098804961229,1162.873307076315,0.0,0.008331156406879463,0.0007051978306540604,1.1660821935110013,14.753623059260295,0.09386058662866643,53
54,35670.94712331838,28780.601831539716,14610.378676054674,1491.7895785895091,16586.281926392105,18476.793578822246,893.0951534710763,203.139570680775,72.69754788077688,0.0,1507.073306501426,1458.6159723648539,614.8808875671791,60.508899103180944,1152.1798256618147,994.1913411776795,61.513196183731665,7.908839509336929,2.636279836445643,0.0,2140642.0,19105.245511856643,12221.102867519123,7674.963826703681,544.3917862260253,86.24401179229318,1303.9542219600426,0.0,0.008491493765467767,0.0007039950848586474,1.1340433624317217,15.475499158059847,0.0984063288236643,54
55,37172.747870146915,30251.95982311406,15037.707083829006,1541.439515509235,17785.72648340734,19454.41401817084,951.0933098728805,213.55915289148874,76.08705052763557,0.0,1501.8007468285346,1471.3579915743408,427.3284077743318,49.64993691972628,1199.4445570152334,977.6204393485926,57.998156401804145,10.419582210713731,3.389502646858684,0.0,2136038.0,19404.212199023088,12489.626799431371,7876.074317083961,575.5877642906321,90.0728944118928,1424.8464830313355,0.0,0.008624385539776567,0.0007030494906131433,1.0873693352568519,16.05017319328423,0.1161764705882353,55
56,38579.20316289067,31789.601422004744,16549.801875733185,1674.0067301419306,19055.471836061122,20474.905389145442,1020.1387341607426,225.2968750204253,80.22977598490729,0.0,1406.4552927437508,1537.6415988906888,1512.0947919041796,132.5672146326952,1269.7453526537838,1020.4913709746015,69.04542428786208,11.737722128936555,4.142725457271725,0.0,2138250.0,19554.35461256542,12758.213499911155,8072.100553493957,621.4088185907588,89.7590515742207,1489.3098018891853,0.0,0.00869113379061278,0.0006577877224369238,1.0288865627186838,17.132115074126737,0.08767123287671233,56
57,39914.74880489078,33301.834304757496,18065.210848003182,1908.4849910235098,20294.561020331097,21509.06775412904,1075.0988918938806,251.465090825525,86.72004586796633,0.0,1335.5456420001162,1512.2328827527554,1515.4089722699969,234.47826088157962,1239.089184269973,1034.1623649835983,54.960157733138225,26.16821580509973,6.490269883059037,0.0,2138760.0,19662.686883273076,13032.25478890968,8315.830901230109,647.5770343958585,106.1918625547319,1537.2963717692492,0.0,0.00873930858886048,0.0006244197768817548,0.9910268995452867,18.520937257440313,0.15472964872317468,57
58,41338.12022658506,34763.59498235583,19515.71712144259,2129.430348744668,21608.63353537769,22479.915465040667,1139.3111364815927,268.7954923217784,93.4864974481768,0.0,1423.371421694277,1461.7606775983281,1450.5062734394066,220.9453577211587,1314.072515046591,970.8477109116287,64.21224458771174,17.330401496253383,6.766451580210484,0.0,2139072.0,19754.724433848798,13175.593089731283,8414.911085083191,686.6567445427884,112.61308701350306,1672.4182671005954,0.0,0.00878024267828442,0.000665357110388666,0.9802813514811964,19.58275812149835,0.15232610321615558,58
59,42805.85333338428,36243.63198376315,20832.689544309273,2317.558416301806,22928.492056979605,23487.012023703428,1205.2357075916432,283.75763576495814,95.84094641639292,0.0,1467.7331067992282,1480.0370014073255,1316.9724228666814,188.12806755713783,1319.8585216019142,1007.0965586627563,65.92457111005072,14.962143443179716,2.354448968216097,0.0,2141544.0,19905.0432270659,13344.940801882121,8574.37149247601,726.1576317778743,125.16554514903638,1907.4074641219054,0.0,0.00884706294499823,0.0006853390835202643,0.9516065223489116,20.00917763476849,0.14284616440236036,59
60,44032.52124582487,37717.06133806614,22256.90332017986,2518.2941783339074,24301.211755416305,24485.0705363269,1271.9197783688608,294.8463309055888,101.38529398670825,0.0,1226.6679124405866,1473.429354302977,1424.213775870589,200.73576203210146,1372.7196984367013,998.0585126234753,66.6840707772172,11.088695140630652,5.544347570315326,0.0,2138440.0,19753.44709349947,13440.106110178083,8635.890965516493,749.5502215266021,124.25414554843663,2124.6243689315193,0.0,0.008779705877392394,0.0005736057452079069,0.8956082361704848,21.186969780165082,0.14094701857282502,60
61,45252.201761327524,39128.51551952832,23021.111885282775,2626.9785807054313,25694.134144999633,25490.799995588757,1347.793795118792,304.56792664531974,108.82839072493978,0.0,1219.6805155026548,1411.4541814621916,764.2085651029151,108.68440237152372,1392.9223895833297,1005.7294592618567,75.87401674993166,9.721595739730983,7.443096738231533,0.0,2139618.0,19578.76217005118,13455.59990338828,8704.62568539506,786.3100054174598,128.27949378441897,2315.106885456873,0.0,0.008702094025363524,0.0005700173871019983,0.858614147841295,23.031637998638338,0.14220699779789575,61
62,46533.530864814085,40502.24535252236,23598.073402442467,2704.675396656562,27091.507202632558,26435.275806693633,1434.9311919328027,323.28199844430185,114.76008312551002,0.0,1281.3291034865586,1373.7298329940327,576.9615171596904,77.6968159511312,1397.3730576329253,944.4758111048799,87.1373968140106,18.71407179898214,5.931692400570232,0.0,2140732.0,19452.94345518838,13408.548899007315,8684.49894421515,826.1761429470286,134.67448098196073,2517.376836816651,0.0,0.00864619463601234,0.0005984937864332614,0.8394525891928672,24.933075823485147,0.1346445824706694,62
63,47712.01611836963,41882.909417477626,25230.541987050103,2917.798598260149,28560.812473742822,27353.85267914814,1507.615310080635,342.33025009683723,128.29436719441674,0.0,1178.485253555545,1380.6640649552628,1632.4685846076386,213.12320160358678,1469.305271110263,918.5768724545029,72.68411814783242,19.04825165253539,13.534284068906725,0.0,2140120.0,19161.37153296317,13305.872139003079,8619.166782845488,848.5661931350963,136.42892521311532,2630.914442061369,0.0,0.008516650533008006,0.0005506230765330238,0.798415222600015,25.954074508618294,0.13055869745326176,63
64,48693.418803292145,43157.55492389311,26705.27768078061,3076.6175736613322,30066.459803927,28266.664949128848,1580.1323383016909,369.23172830787405,137.81849302068443,0.0,981.4026849225141,1274.6455064154934,1474.7356937305033,158.81897540118325,1505.6473301841793,912.8122699807091,72.51702822105578,26.901478211036828,9.524125826267696,0.0,2137864.0,18627.602761875234,13065.346189408127,8515.988753060923,870.1207936892812,151.21638373284677,2707.7758083786166,0.0,0.008279441165322763,0.00045904238639978684,0.7512426391949389,28.317288488699063,0.10769285077616868,64
65,49734.5561370373,44458.433548812536,28198.226176529763,3282.973633230466,31522.147246004966,29162.93531635867,1647.5531237560594,395.3813018484161,146.92489403001056,0.0,1041.1373337451582,1300.8786249194236,1492.9484957491557,206.3560595691334,1455.687442077968,896.2703672298233,67.42078545436868,26.149573540542008,9.106401009326131,0.0,2139710.0,18207.956410775736,12904.10441006868,8445.72743885135,895.6020075227167,164.4164879482002,2928.418056687152,0.0,0.008092953081935644,0.000486520135987815,0.7324840821539632,29.955703370492607,0.13822021116138763,65
66,50736.07644914372,45662.13267231868,29618.164728773874,3460.890987262217,33006.96681681644,29997.290511221414,1717.6724115278707,410.5447127033949,155.37964432490784,0.0,1001.52031210642,1203.699123506138,1419.9385522441087,177.91735403175161,1484.8195708114729,834.3551948627443,70.1192877718112,15.163410854978832,8.45475029489729,0.0,2141692.0,17715.734549980814,12621.747497305198,8295.304732270693,906.8638685874612,167.44081562285717,3075.507319228616,0.0,0.007874203072544217,0.00046758072010922815,0.7264167741571297,30.0,0.1252991512052425,66
67,51702.031670335746,46847.45190387938,31079.182339516014,3631.4563845157973,34419.829110661565,30801.870281132567,1788.6187944372261,432.32488465872814,163.92629407953228,0.0,965.9552211920152,1185.319231560709,1461.0176107421423,170.56539725358007,1412.8622938451185,804.5797699111496,70.94638290935549,21.780171955333234,8.546649754624434,0.0,2141748.0,17250.631384301738,12378.76532578663,8128.507212865926,928.5521410830676,180.85813674302025,3286.6003782218663,0.0,0.007667505478007016,0.00045098641185406117,0.7082364835412163,30.0,0.11674392287436616,67
68,52571.58435827398,47974.96637527172,31909.76965652995,3707.2734387906917,35834.34559478177,31565.73859038459,1844.2179675721486,448.40729011097835,172.2891449147024,0.0,869.5526879382408,1127.514471392335,830.5873170139314,75.81705427489416,1414.516484120207,763.8683092520246,55.59917313492239,16.082405452250278,8.362850835170144,0.0,2139932.0,16697.3047372846,12083.400462223586,7944.340695572729,917.7080048352643,183.79891945428886,3463.598737656347,0.0,0.007421591352198842,0.0004063412592896545,0.6837115483444316,30.0,0.09126128554103222,68
69,53443.250733785935,49058.093407615845,32480.373401975783,3758.1857394795297,37230.84978479545,32319.03846176799,1911.5802715521454,484.9832750823819,182.85758278332403,0.0,871.666375511965,1083.1270323441245,570.6037454458399,50.91230068883802,1396.504190013687,753.2998713834029,67.36230397999688,36.575984971403486,10.56843786862161,0.0,2140192.0,16169.985637370246,11770.390902392934,7750.984232306817,929.9306329789746,206.77378438607502,3634.0722354501995,0.0,0.007187243526851954,0.00040727070911393564,0.6597585714112811,30.0,0.08920924921495861,69
70,54213.276306839696,50074.960929496694,33839.19881350134,3887.85587715453,38606.95229474972,33012.60368432875,1971.9582165928794,497.75729998445496,197.92909417857567,0.0,770.0255730537433,1016.8675218808532,1358.8254115255577,129.6701376750008,1376.1025099542608,693.5652225607591,60.377945040733906,12.774024902073077,15.071511395251687,0.0,2140710.0,15541.485232296303,11383.677975861106,7490.541163440088,919.2702956506258,200.24892274544774,3719.4468335367173,0.0,0.006907934477474335,0.0003597033245246802,0.636328623515217,30.0,0.09543191985382142,70
71,54924.02672836943,51004.52396463676,35416.00974349969,4054.010100341208,39975.70284792581,33660.21917702594,2026.7302945902575,513.5640070575239,213.91960017109886,0.0,710.7504215297351,929.563035140066,1576.8109299983444,166.15422318667714,1368.7505531760894,647.6154926971869,54.772077997378084,15.806707073068841,15.99050599252313,0.0,2139276.0,14867.494594657426,10928.499951832562,7173.396127921714,902.5445939802855,186.18830540719463,3770.0834358463735,0.0,0.006608404551517922,0.00033225155015842255,0.6246841593481034,30.0,0.10537489721163192,71
72,55661.17067473279,51913.92425831269,36816.50237006553,4175.115208369639,41325.34750342462,34305.776121825234,2094.6623752205633,532.3666365176975,226.3535970721815,0.0,737.1439463633709,909.4002936759305,1400.492626565845,121.10510802843096,1349.644655498816,645.5569447992988,67.93208063030518,18.802629460173755,12.433996901082642,0.0,2144066.0,14189.717699277791,10437.177870293332,6848.40287854264,883.5214058167667,176.09774472915416,3886.382202131075,0.0,0.00630717654392664,0.00034376729868272415,0.6230702437921054,30.0,0.086470689358776,72
73,56334.22393788246,52795.92932304395,38108.829332532536,4284.999392365385,42614.33851550352,34886.332578759524,2149.250654298487,552.2812494405697,238.78759397326408,0.0,673.0532631496604,882.0050647312688,1292.326962466996,109.88418399574661,1288.9910120789007,580.5564569342895,54.5882790779238,19.9146129228722,12.433996901082642,0.0,2142788.0,13561.345953447471,10017.757926044616,6555.951227852948,879.5789189944722,178.52389046595076,4049.2372347135474,0.0,0.006027905446676371,0.00031408262581919717,0.6111129245578354,30.0,0.08504849137931034,73
74,56924.889335386724,53629.41147303928,39350.813770960995,4397.612990315028,43869.464576672966,35463.04763827722,2188.8777013328313,571.1849683064434,253.24337898834392,0.0,590.6653975042756,833.4821499953365,1241.9844384284663,112.61359794964281,1255.126061169448,576.7150595176951,39.627047034344685,18.90371886587361,14.45578501507982,0.0,2141664.0,12882.429504767217,9581.658229855424,6289.176286211021,853.1945841068089,178.92824808875022,4170.342342741978,0.0,0.0057261688598792574,0.0002757868667144378,0.5863116364693698,30.0,0.0906813956031937,74
75,57503.72727242413,54374.339303641544,40057.833074425806,4466.960322625132,45070.50780579299,35984.9722399056,2239.6245829941604,587.96580965262,262.74578312413064,0.0,578.837937037392,744.9278306022601,707.019303464813,69.34733231010321,1201.0432291200234,521.9246016283714,50.74688166132916,16.780841346176576,9.502404135786735,0.0,2140562.0,12250.721808548798,9116.040427201875,5972.4631781533635,826.0015339735468,175.89556591775448,4280.226526737725,0.0,0.0054454017415928035,0.0002704029030932705,0.5537863651854669,30.0,0.09808773903262094,75
76,57965.70585647249,55088.13159728826,40542.455685350935,4502.644882837181,46259.925753257536,36507.301199156755,2284.0028320963984,597.2660349770069,272.14709785421746,0.0,461.97858404835506,713.7922936467036,484.62261092512347,35.68456021205019,1189.4179474645396,522.3289592511708,44.37824910223806,9.300225324387018,9.401314730086876,0.0,2139686.0,11513.881130402528,8631.013458653952,5695.47820653575,810.7370337128683,170.53782741566195,4392.840124687367,0.0,0.005117899542972233,0.00021588943636570234,0.5194894426117566,30.0,0.07363505747126438,76
77,58389.06828754349,55780.59402633229,41876.83584058906,4598.376550034947,47338.14535445223,36991.62054186479,2331.2115845582325,602.4215946676998,280.63860793300563,0.0,423.362431071009,692.4624290440333,1334.3801552381371,95.73166719776637,1078.2196011946949,484.31934270802384,47.208752461834095,5.155559690692803,8.491510078788147,0.0,2138882.0,10850.532450200053,8236.764776424501,5462.2649475861745,795.5736228578895,157.9016517031796,4462.187456997471,0.0,0.00482306090420625,0.0001979256296253987,0.5094145755553524,30.0,0.07174242424242425,77
78,58849.63161991205,56391.07294735373,43132.16408056991,4685.616707153926,48389.57626313646,37436.51501634986,2374.0734925749725,611.2163729635874,290.9497273143913,0.0,460.5633323685571,610.4789210214478,1255.3282399808475,87.2401571189782,1051.4309086842325,444.894474485079,42.861908016740166,8.794778295887722,10.311119381385605,0.0,2140078.0,10246.523251143397,7781.963540180836,5204.588052457235,771.2110760842234,147.0850852932947,4512.8332492531,0.0,0.004554598625416288,0.00021517478372180829,0.5330640797189844,30.0,0.06950471024835855,78
79,59305.94919724121,57014.794580521855,44421.862718488715,4884.965015194048,49395.21367103866,37846.33146705709,2416.2277747518137,625.6721579786673,299.5423267988793,0.0,456.31757732916304,623.7216331681293,1289.6986379187997,199.3483080401217,1005.6374079021962,409.816450707228,42.15428217684116,14.455785015079822,8.592599484488005,0.0,2141300.0,9697.708867598863,7397.722709115673,4924.772577480026,747.4550657447566,146.37745945339566,4622.616343843148,0.0,0.0043106665627392566,0.00021308944818896784,0.5649616332842549,30.0,0.1545706558485463,79
80,59747.8109895553,57563.60896406639,45778.07818535801,5053.076696872913,50352.53034301631,38239.367076418144,2448.273116358669,630.0190024237612,308.43819450046686,0.0,441.86179231408323,548.8143835445339,1356.215466869307,168.1116816788653,957.3166719776636,393.03560936105134,32.04534160685527,4.346844445093932,8.895867701587582,0.0,2140490.0,9173.358120233694,6980.324552980956,4665.478251859888,716.9260652233993,133.23583671241403,4704.498762460033,0.0,0.004077607804442873,0.0002064241445704794,0.5867193458143465,30.0,0.12396623440176166,80
81,60179.37177142856,58056.44003473434,47190.40838133132,5211.200745268632,51289.48760868603,38606.321619108625,2488.193322669543,648.144332865746,315.11009527665755,0.0,431.56078187326756,492.8310706679521,1412.3301959732985,158.12404839571929,936.9572656697121,366.95454269048776,39.92020631087428,18.1253304419847,6.671900776190687,0.0,2143828.0,8686.147620522655,6561.592016691,4436.146826089187,701.327969923911,134.9947923715916,4894.617607759757,0.0,0.003861051200058443,0.00020128457989854968,0.5916069310612286,30.0,0.11195759620956472,81
82,60574.90428911039,58539.70804762309,47991.25887116675,5300.270620630778,52206.985163758516,38908.33632757752,2507.430636574226,658.3745807225716,322.11559109165773,0.0,395.53251768183793,483.2680128887454,800.8504898354221,89.06987536214567,917.4975550724894,302.01470846889845,19.237313904683145,10.23024785682572,7.005495815000221,0.0,2145200.0,8171.632872332082,6115.909044841463,4078.6441428316366,658.7390033025606,133.3268171775439,5066.419052746668,0.0,0.003632357605313368,0.00018436719217179053,0.5752574730289466,30.0,0.11121713316369805,82
83,60896.26750983024,58974.15998649937,48696.25638651756,5392.0092563033995,53005.166893283465,39211.46301950912,2550.241999888117,672.4967706988419,329.121086906658,0.0,321.3632207198514,434.4519388762836,704.9975153508159,91.73863567262194,798.1817295249458,303.1266919315969,42.81136331389025,14.122189976270288,7.005495815000221,0.0,2144648.0,7687.80886771199,5745.1737583778,3852.0219131336935,647.9527637143856,132.3260320611153,5222.87512594834,0.0,0.003417305032342554,0.0001498377199912634,0.5533678373093842,30.0,0.13016090380006848,83
84,61242.316763422,59447.86494160892,50129.380673243315,5541.682230382611,53748.0830447123,39521.70640560199,2583.2679087302604,681.8374317855089,334.90340091268985,0.0,346.04925359175695,473.7049551095388,1433.1242867257597,149.6729740792111,742.916151428833,310.24338609286696,33.02590884214389,9.340661086666962,5.782314006031929,0.0,2144052.0,7285.159655868881,5470.180248052474,3666.209476516782,625.0459043827975,129.99086678944855,5311.945001310485,0.0,0.0032383320362916303,0.00016138868406209353,0.5384392002146738,30.0,0.10445239515006957,84
85,61520.09023240408,59859.18762446106,51434.40446506621,5662.666031124202,54533.25456772368,39806.707767091604,2620.185759691849,687.7309441378108,344.02166530681717,0.0,277.7734689820723,411.3226828521559,1305.0237918228984,120.98380074159111,785.171523011374,285.0013614896122,36.917850961588464,5.893512352301774,9.118264394127271,0.0,2143572.0,6768.643337445452,5087.213143499129,3390.882371152647,599.9150781258126,115.20148673555919,5403.683636983107,0.0,0.0030087474647539822,0.00012958228286830562,0.5226034855084128,30.0,0.0927020277694536,85
86,61780.07196598298,60255.387332220525,52942.69883387039,5795.103261531587,55214.45563697275,40084.03644268859,2645.538982641373,698.1835886871762,353.36232639348407,0.0,259.9817335788971,396.19970775945694,1508.2943688041746,132.43723040738513,681.2010692490692,277.32867559699287,25.353222949524607,10.45264454936541,9.34066108666696,0.0,2143124.0,6338.083340688612,4792.8711209228495,3200.3996039924027,561.551648662716,108.30718926682883,5553.356611062318,0.0,0.0028173698484570474,0.00012130721094366741,0.5099704558231414,30.0,0.08781092669226288,86
87,62029.712253358775,60637.02005661863,54395.616426232176,5896.738550022225,55871.52666508125,40366.36904386772,2670.225015513279,713.1953654336054,363.70377259657965,0.0,249.6402873758015,381.63272439810726,1452.9175923617918,101.63528849063812,657.0710281085128,282.33260117913585,24.68603287190554,15.011776746429046,10.341446203095565,0.0,2142692.0,5920.311153752807,4507.091371009349,3020.7030764203337,524.9673927399372,101.41289179809844,5674.34041180391,0.0,0.0026316758543467413,0.00011650200155922873,0.5130299053081424,30.0,0.06995073891625617,87
88,62268.010309415055,60998.859475380705,55953.50525747271,6028.174995313182,56458.4315366935,40620.01247170925,2700.470965698677,717.8656959769388,370.93166510411965,0.0,238.2980560562774,361.8394187620749,1557.8888312405256,131.43644529095653,586.9048716122406,253.64342784151594,30.24595018539778,4.67033054333348,7.227892507539911,0.0,2142280.0,5564.476445689303,4274.798025651643,2888.154647666678,498.1685912889046,89.6258670934949,5806.777642211295,0.0,0.0024735104417921115,0.00011124226997304108,0.5334971562696182,30.0,0.08435574229691875,88
89,62518.984976946085,61291.19992772413,57232.06384288338,6121.9152012186605,57018.537606854705,40849.74825510274,2723.266626683995,730.6535057979709,375.60199564745307,0.0,250.97466753103967,292.34045234342193,1278.5585854106753,93.74020590547914,560.1060701612081,229.73578339349933,22.795660985318182,12.78780982103215,4.67033054333348,0.0,2141846.0,5250.674712515801,4002.3620772905233,2724.1370869186576,474.8169385722372,94.29619763682838,5908.412930701933,0.0,0.0023340248320392635,0.00011717657682672067,0.5632135123633426,30.0,0.07331807780320368,89
90,62761.61976850689,61558.40955381057,57855.219375379595,6169.619291768425,57506.920743671864,41053.01883208402,2754.6245603320917,743.2189189264634,379.0491443818183,0.0,242.6347915608013,267.209626086437,623.1555324962102,47.704090549763414,488.3831368171583,203.2705769812763,31.35793364809623,12.565413128492462,3.447148734365188,0.0,2141426.0,5001.479218525079,3777.7414178254367,2587.8079143918276,460.80594694223674,98.855329833892,6039.849375992888,0.0,0.0022232558030978546,0.00011330330763170949,0.5834118009190622,30.0,0.07657563025210083,90
91,62988.90918828246,61813.60975849987,59611.48605636552,6284.709580157714,57959.164417951324,41236.94089681434,2785.092907210029,751.3363982041622,388.2786071222154,0.0,227.28941977556275,255.20020468929374,1756.2666809859286,115.09028838928934,452.24367427945873,183.92206473032326,30.46834687793747,8.117479277698669,9.229462740397116,0.0,2141032.0,4767.295501280785,3571.4684854948746,2444.6956427425375,443.34780657787115,94.18499929055852,6133.589581898368,0.0,0.002119165556920411,0.00010616069675670297,0.585561845082414,30.0,0.06552948440876813,91
92,63194.95972392048,62084.15533497439,61612.38909914511,6410.141314750099,58424.30710039808,41432.538787903,2805.108609538601,755.8955304012258,391.8369542028505,0.0,206.05053563802238,270.54557647453237,2000.9030427795872,125.43173459238491,465.1426824467608,195.59789108865698,20.01570232857206,4.559132197063636,3.558347080635033,0.0,2140676.0,4504.645007391412,3373.3130324420113,2320.1534949203115,419.4401621298545,92.73942078905056,6181.2936724481315,0.0,0.0020024149300109763,9.625029256754945e-05,0.588774658372386,30.0,0.06268603465851172,92
93,63401.899846328655,62340.245126433845,63709.1451164093,6511.554206548196,58884.334658916436,41601.67147257943,2822.4555515566967,762.9010262162261,397.6192682088823,0.0,206.94012240818114,256.0897914594525,2096.756017264193,101.41289179809844,460.0275585183479,169.1326846764339,17.34694201809579,7.005495815000222,5.782314006031928,0.0,2140318.0,4245.775257275213,3163.592951377084,2169.3685373784015,402.8716085356476,90.29305717111397,6296.383960837421,0.0,0.0018873470111465123,9.669212966362725e-05,0.6156907933929334,30.0,0.04836711493995096,93
94,63617.847034784696,62599.22607489631,65553.03609425588,6607.407181032802,59302.885234276124,41769.35857875436,2839.691295228523,767.5713567595595,401.0664169432476,0.0,215.94718845603856,258.9809484624685,1843.8909778465663,95.8529744846062,418.5505753596957,167.6871061749259,17.23574367182594,4.67033054333348,3.447148734365188,0.0,2139944.0,4039.7247216371916,3000.5761757454916,2058.837381186176,378.4079723562818,86.84590843674877,6421.815695429806,0.0,0.0017957555630176217,0.00010091097554657826,0.6563400954383384,30.0,0.05198535003802586,94
95,63839.79893393931,62822.289957513625,67483.66178219291,6710.710444717489,59702.643289116226,41941.93841216515,2866.1565016407453,774.6880509208296,407.9607144119779,0.0,221.9518991546102,223.06388261730862,1930.6256879370453,103.30326368468579,399.758054840092,172.57983341079913,26.465206412223058,7.1166941612700665,6.894297468730376,0.0,2139562.0,3855.024268482979,2816.987706053978,1944.0806878356962,367.7329311143767,84.84433820389157,6523.228587227904,0.0,0.0017136570916790408,0.00010373526177849279,0.6750285645294171,30.0,0.053501988107832056,95
96,64022.497816860654,63061.14400530125,68473.99425407217,6750.964246067172,60089.72473248155,42109.95911337889,2882.725055234953,783.0279268910679,415.8557969971369,0.0,182.69888292135496,238.8540477876266,990.3324718792377,40.25380134968381,387.0814433653297,168.02070121373546,16.568553594206872,8.339875970238358,7.895082585158979,0.0,2141302.0,3652.643278271861,2666.536343550878,1843.0013910764076,342.04611312604254,78.28363577397072,6612.520859282589,0.0,0.0016236988358781612,8.531706802403314e-05,0.6792995766334847,30.0,0.04064363989457623,96
97,64204.64070805067,63298.66367293363,69030.31958046019,6771.313543434555,60422.31898617465,42278.758203016514,2899.29360882916,787.6982574344014,420.6373258867402,0.0,182.14289119000574,237.51966763238843,556.3253263880334,20.3492973673816,332.59425369310577,168.79908963762438,16.568553594206872,4.67033054333348,4.781528889603325,0.0,2140994.0,3497.410386879158,2566.6802286005573,1764.272961917357,335.81900573493124,73.27971019182772,6715.156932889657,0.0,0.001554697260863883,8.505387247348464e-05,0.712394723295452,30.0,0.03657142857142857,97
98,64445.05153268607,63515.72284485238,71450.88518206216,6866.94412122662,60731.22799211228,42429.320763865886,2915.7509640770963,793.7029681329731,421.8605076957086,0.0,240.41082463540437,217.05917191873704,2420.565601601981,95.63057779206652,308.9090059376288,150.56256084936985,16.457355247937027,6.0047106985716185,1.2231818089682926,0.0,2140588.0,3427.6890237679654,2473.6072127726975,1686.1005244896564,320.47363394969267,72.16772672912927,6755.410734239342,0.0,0.001523705311612463,0.00011231149444760873,0.7546200382151849,30.0,0.03950539881574365,98
99,64618.74334955958,63732.782016771125,73719.66504100582,6951.010071006624,61024.346832879586,42570.5426636286,2928.8723689369385,799.5964804852749,424.3068713136451,0.0,173.69181687349754,217.059171918737,2268.7798589436434,84.06594978000264,293.11884076731087,141.22189976270286,13.121404859841686,5.893512352301774,2.4463636179365853,0.0,2140296.0,3305.815636256215,2395.1011803061865,1620.1599051516384,307.4634274361208,73.16851184555787,6775.760031606723,0.0,0.0014695312582159485,8.115309101950315e-05,0.773125943105921,30.0,0.03705274562655251,99
100,64834.13454628426,63934.49581690461,75822.6481656611,7026.624946470118,61296.11559116309,42726.88753848399,2944.3289390684467,805.4899928375767,426.53083823904205,0.0,215.39119672468934,201.7138001334984,2102.9831246553044,75.61487546349446,271.7687582835007,156.34487485540177,15.456570131508425,5.893512352301774,2.2239669253968954,0.0,2139932.0,3247.214107772007,2322.822255230788,1586.4668062318756,293.7860308449299,69.83256145746253,6871.390609398788,0.0,0.0014434824283736404,0.00010064446362988944,0.7862032111664341,30.0,0.03595422665190107,100
101,65030.399627450526,64140.768749235176,77663.31439146586,7085.560069993136,61568.55153952421,42866.10786801383,2961.0086910089235,810.1603233809101,431.3123671286454,0.0,196.26508116627605,206.27293233056207,1840.6662258047406,58.93512352301774,272.4359483611197,139.22032952984566,16.679751940476716,4.67033054333348,4.781528889603326,0.0,2139602.0,3166.2617116875604,2251.8777103106268,1537.2059388343343,285.3349565284217,60.15830533198603,6955.4565591787905,0.0,0.0014074997647175365,9.172902452181004e-05,0.7945205324232882,30.0,0.032018146962290855,101
102,65212.54251864054,64358.82870627034,79841.46759819957,7165.845275999964,61859.55761171239,43008.10815620043,2969.4597653254314,812.6066869988467,434.87071420928044,0.0,182.14289119000574,218.0599570351656,2178.15320673372,80.28520600682792,291.0060721881838,142.0002881865918,8.451074316508203,2.4463636179365853,3.5583470806350332,0.0,2139296.0,3053.840183608748,2175.373248076973,1465.9277988753638,265.2080558535798,57.934338406589134,7031.071434642286,0.0,0.0013575276829048233,8.513302341119308e-05,0.7865969428477937,30.0,0.0368550791102958,102
103,65411.95451300625,64547.33214286699,80703.45493881415,7193.900618763844,62094.01932482237,43148.0401551464,2982.937004893337,816.3985506066485,437.32819766184394,0.0,199.41199436571264,188.50343659664085,861.9873406145828,28.05534276388184,234.4617131099677,139.93199894597268,13.47723956790519,3.7918636078017074,2.4574834525635696,0.0,2143068.0,3034.7696672234692,2142.8588516276714,1460.5124394120226,254.38845676152397,56.82235494389069,7100.97071510751,0.0,0.0013490521535047735,9.303806942272699e-05,0.7595258172395043,30.0,0.03254382578357355,103
104,65559.30344164842,64730.264542315505,81027.01988679015,7205.287329421878,62331.16091807743,43277.81974507794,2993.2784510964325,821.0688811499818,440.99774308874885,0.0,147.3489286421713,182.93239944852166,323.5649479759944,11.386710658032106,237.14159325507097,129.77958993153587,10.341446203095565,4.67033054333348,3.669545426904878,0.0,2142830.0,2941.307457183664,2084.9801123942166,1413.4310596013702,239.0097254724044,53.04161117071597,7182.412383915545,0.0,0.0013075074043252261,6.874745311967844e-05,0.7282431756552303,30.0,0.03520928215137715,104
105,65717.38301070563,64936.87106968488,83026.88878494942,7285.7615726173635,62603.54126726541,43429.70556624792,3005.4324303437265,828.4302116730457,444.6672885156537,0.0,158.07956905721136,206.60652736937158,1999.8688981592775,80.47424319548668,272.3803491879848,151.885821169981,12.153979247294034,7.361330523063725,3.669545426904878,0.0,2142574.0,2823.3371316259863,2015.5367451486986,1372.0986342928688,223.85339087582457,54.04239628714456,7210.467726679427,0.0,0.0012550680089323495,7.377873904830022e-05,0.7363172647981688,30.0,0.04024495721743428,105
106,65893.67686888184,65120.793134415195,85125.9132484775,7354.893584493327,62851.5246992818,43577.45480893667,3020.4998062632903,833.4563769244427,449.56001575152686,0.0,176.29385817621193,183.92206473032326,2099.024463528098,69.1320118759625,247.98343201638085,147.74924268874275,15.067375919563968,5.026165251396985,4.892727235873171,0.0,2144340.0,2755.9286941172063,1947.5611960739425,1342.2863576579234,211.00998188165744,49.65006160948569,7182.101028545988,0.0,0.0012251046357187663,8.219614213850988e-05,0.7723418939842448,30.0,0.03293609262997018,106
107,66056.48236765552,65299.010723981875,87121.41205162839,7417.153538569813,63054.32824320874,43683.26003541242,3032.1200334484897,833.4563769244427,453.35187935932856,0.0,162.80549877367974,178.21758956668026,1995.4988031508724,62.25995407648609,202.80354392694292,105.80522647575731,11.62022718519878,0.0,3.7918636078017074,0.0,2146136.0,2716.809115899475,1922.964121879053,1301.5877629231604,203.6597711932207,44.401499665549025,7262.764308930135,0.0,0.0012077167701529247,7.586228464759076e-05,0.7884236242537455,30.0,0.031199520770072913,107
108,66213.04963920347,65480.65322261366,88992.39094662628,7470.2396290790375,63299.576195906884,43805.822852671045,3042.1501242820295,835.9027405423792,455.92056115816195,0.0,156.56727154794146,181.64249863179148,1870.9788949979004,53.0860905092239,245.24795269814268,122.56281725862291,10.030090833540001,2.4463636179365853,2.5686817988334147,0.0,2145890.0,2625.5597529504403,1856.7899860138684,1258.2871268856827,196.0760439776173,43.05599967568391,7332.118717498638,0.0,0.0011671549331202752,7.296447283303899e-05,0.7877305570056736,30.0,0.028372596040814407,108
109,66377.81222887148,65659.84935762754,91100.66711256404,7541.184173999197,63495.04064898002,43919.8233972669,3053.648033286331,841.0401041400461,458.3669247760986,0.0,164.76258966802902,179.19613501385487,2108.2761659377493,70.94454492016098,195.46445307313317,114.00054459584487,11.49790900430195,5.1373635976668295,2.4463636179365853,0.0,2145632.0,2592.4115259273995,1838.0753043366535,1238.4715815803963,188.4923167620139,40.73195423864415,7394.378671575122,0.0,0.0011524207307413341,7.679574134683985e-05,0.7750541098338004,30.0,0.03364911793304626,109
110,66518.84509144553,65804.79640199026,92177.06710445613,7563.07912837973,63706.03951102705,44021.836760134844,3071.017214973681,847.5229677275781,459.59010658506696,0.0,141.03286257404415,144.9470443627427,1076.3999918920974,21.894954380532436,210.9988620470305,102.0133628679556,17.369181687349755,6.482863587531952,1.2231818089682926,0.0,2145412.0,2521.222344645445,1770.8003048433973,1189.177354678974,184.08886224972804,44.646136027342685,7447.464762084346,0.0,0.0011207750089710189,6.573841771440235e-05,0.746155808920133,30.0,0.02034090909090909,110
111,66645.19977231197,65971.02680982905,92708.90655499554,7587.542764559095,63916.91605489318,44125.807213897155,3074.809078581483,852.5380131443483,462.1587883839003,0.0,126.35468086642463,166.230407838791,531.8394505394137,24.463636179365853,210.87654386613366,103.97045376230487,3.7918636078017074,5.0150454167700005,2.5686817988334147,0.0,2145214.0,2434.1317998469026,1723.585487017221,1139.149218692171,175.1596350442595,44.52381784644585,7518.409307004508,0.0,0.0010820620467808031,5.890917407115108e-05,0.7393983532921325,30.0,0.04600611086861632,111
112,66791.36999848367,66120.74426324679,95248.9658994991,7659.588173107329,64139.29050776361,44224.2733495191,3083.738305786951,856.3298767521499,464.6051520018369,0.0,146.170226171711,149.717453417719,2540.0593445035565,72.04540854823244,222.37445287043562,98.46613562194757,8.929227205468537,3.7918636078017074,2.4463636179365853,0.0,2144986.0,2355.4812095302414,1648.482123946568,1080.9257645852804,162.4385442309893,43.422954218374386,7540.304261385039,0.0,0.0010470999304193814,6.814680581180061e-05,0.7700034217790097,30.0,0.02835596353668643,112
113,66931.91358833414,66272.05185301616,97479.0709736101,7724.783763525338,64334.26568811317,44347.2031213204,3096.5817147811185,860.1217403599516,465.95065199170205,0.0,140.54358985045684,151.3075897693778,2230.105074110991,65.19559041801,194.97518034954587,122.92977180131342,12.843408994167072,3.7918636078017074,1.345499989865122,0.0,2144766.0,2299.704119041287,1603.469033376535,1060.9879010990971,159.74754425125903,39.50877242967586,7564.767897564406,0.0,0.0010223057213046439,6.553247647287333e-05,0.7985751411673705,30.0,0.029239746720192028,113
114,67067.9314054914,66438.03762449315,99532.79323086786,7767.350490477435,64523.49191396055,44436.61771155599,3109.5474419561824,863.7912857868565,468.5193337905354,0.0,136.01781715727412,165.98577147699731,2053.7222572577634,42.56672695209659,189.2262258473949,89.41459023558221,12.965727175063904,3.669545426904878,2.5686817988334147,0.0,2144554.0,2243.927028552333,1577.6598972073039,1022.5799922974927,165.00722602982268,40.60963605774732,7636.813306112638,0.0,0.000997511907488037,6.342466797887498e-05,0.8081942608785899,30.0,0.020731850117096016,114
115,67212.02222258787,66592.28085060406,101208.30767279262,7801.477262947652,64719.69027611908,44561.50457425165,3116.886532809992,870.3964675552852,468.5193337905354,0.0,144.0908170964649,154.24322611090173,1675.5144419247674,34.126772470215364,196.19836215851416,124.88686269566267,7.339090853809756,6.605181768428781,0.0,0.0,2144328.0,2191.819483490284,1535.7047611596913,1010.9597651122938,161.94927150740196,47.214817826176095,7702.008896530648,0.0,0.0009743484635071897,6.72060975445405e-05,0.8069761616045066,30.0,0.020367601794037467,115
116,67333.85113076112,66721.9381223547,102925.65493258409,7820.925853710246,64879.80477491303,44661.43852804435,3123.12476003573,876.7570129619204,471.08801558936887,0.0,121.82890817324196,129.65727175063904,1717.3472597914829,19.448590762595853,160.1144987939495,99.9339537927095,6.238227225738292,6.360545406635122,2.5686817988334147,0.0,2144138.0,2150.9652110707425,1502.6788523175476,1006.3116742382142,154.12090793000488,51.0066814339778,7744.575623482745,0.0,0.0009561881915339336,5.6818614831119716e-05,0.8005980208767977,30.0,0.01132928616286372,116
117,67463.14144796906,66857.09971224569,103848.42328926978,7838.906626302081,65037.71754645083,44747.91748193842,3129.3629872614683,877.9801947708886,471.08801558936887,0.0,129.29031720794853,135.16158989099634,922.76835668568,17.980772591833905,157.91277153780658,86.4789538940583,6.238227225738292,1.2231818089682926,0.0,0.0,2143934.0,2122.3427567408844,1479.9276706707374,980.9918107925707,144.702408000949,48.4379996351444,7778.70239595296,0.0,0.0009434639730572126,6.030134570727366e-05,0.791850255743469,30.0,0.01949050128099773,117
118,67579.83299254463,66989.69262033785,104422.09555767592,7847.591217145756,65202.11318157617,44843.32566303795,3138.2922144669374,881.7720583786904,472.3111973983372,0.0,116.69154457557511,132.5929080921629,573.6722684061292,8.68459084367488,164.39563512533852,95.40818109952684,8.929227205468536,3.7918636078017074,1.2231818089682926,0.0,2143750.0,2073.415484382153,1446.9017618285934,969.8608563309592,148.49427160875072,49.78349962500951,7798.150986715556,0.0,0.0009217141828268417,5.444082497365025e-05,0.774957296668309,30.0,0.0151188986232791,118
119,67692.85499169331,67128.76839201755,105031.24009854211,7862.758671576962,65369.07749850035,44931.639389645454,3142.2063962556354,885.6862401673891,472.3111973983372,0.0,113.02199914867023,139.0757716796949,609.1445408662097,15.16745443120683,166.96431692417195,88.31372660751074,3.9141817886985364,3.9141817886985364,0.0,0.0,2143572.0,2019.4731666066514,1419.0132165841164,946.1311292369743,142.25604438301244,51.12899961487464,7816.131759307391,0.0,0.0008977346951149469,5.2726741403103654e-05,0.7588061438867229,30.0,0.024888888888888887,119
120,67807.95639991722,67265.03084553662,107312.2295359062,7912.664489382869,65528.702724570714,45029.00466163933,3153.948941621731,886.9094219763572,477.57087917690086,0.0,115.10140822391634,136.2624535190678,2280.9894373640723,49.90581780590634,159.6252260703622,97.3652719938761,11.742545366095609,1.2231818089682926,5.2596817785636585,0.0,2143392.0,1969.689666981642,1390.3907622542583,934.8778565944662,138.46418077521074,45.74699965541415,7824.816350151064,0.0,0.0008756064714069407,5.370947091527154e-05,0.7609824248141777,30.0,0.02187952264585162,120
121,67923.54708086474,67402.51648086465,109496.83224672356,7970.3986707661725,65709.24435957443,45105.08657015716,3166.914668796795,888.2549219662224,480.1395609757343,0.0,115.59068094750364,137.4856353280361,2184.6027108173703,57.734181383303415,180.54163500371996,76.08190851782781,12.965727175063904,1.345499989865122,2.5686817988334147,0.0,2143212.0,1902.1700311265918,1344.766080779741,883.6265387986947,134.79463534830583,37.91863607801707,7839.983804582272,0.0,0.0008455924255739149,5.3937212963552075e-05,0.7777625305030429,30.0,0.026423615600086194,121
122,68037.05835273699,67533.02997988157,111258.7033243615,8009.540488653159,65868.13567655941,45208.07847847229,3175.59925964047,890.8236037650556,482.5859245936708,0.0,113.51127187225757,130.51349901691682,1761.871077637929,39.14181788698536,158.89131698498122,102.99190831513025,8.684590843674878,2.5686817988334147,2.4463636179365853,0.0,2143034.0,1854.3436223959318,1313.94189919374,885.5836296930438,128.43408994167072,34.24909065111219,7889.889622388179,0.0,0.0008243321909739122,5.297024577466764e-05,0.8003792522849842,30.0,0.02221692111959287,122
123,68148.2455791722,67658.7730698435,113094.2099468993,8055.40980648947,66011.2479482087,45296.63684144159,3186.8525322829782,890.8236037650556,483.93142458353594,0.0,111.18722643521781,125.7430899619405,1835.50662253782,45.86931783631097,143.11227164929022,88.55836296930438,11.253272642508291,0.0,1.345499989865122,0.0,2142860.0,1821.0730771919941,1295.2272175165251,866.3796752922419,126.96627177090878,29.111727053445367,7947.623803771482,0.0,0.0008095426837027476,5.1893001136087006e-05,0.8299151435193142,30.0,0.02498901098901099,123
124,68269.09594189827,67762.37656906313,114279.71775615138,8082.319806286771,66141.76144722561,45380.424795355924,3199.6959412771457,897.3064673525876,486.5001063823694,0.0,120.8503627260673,103.60349921961438,1185.5078092520694,26.90999979730244,130.51349901691682,83.78795391432806,12.843408994167072,6.482863587531952,2.5686817988334147,0.0,2142668.0,1808.841259102311,1265.7485359203893,854.2701753834557,134.79463534830586,31.802727033175607,7986.765621658467,0.0,0.0008041058868298092,5.640330397260847e-05,0.8532204826995062,30.0,0.022703842549203372,124
125,68380.03853197169,67861.08734104686,114923.35602403048,8092.716851663002,66293.43599153768,45436.32420402577,3206.0564866837803,902.1991945884608,487.7232881913377,0.0,110.94259007342414,98.71077198374122,643.6382678791156,10.397045376230489,151.6745443120683,55.89940866985097,6.360545406635121,4.892727235873171,1.2231818089682926,0.0,2142494.0,1766.8861230546986,1211.5615817830937,805.9544939292081,129.77958993153584,34.24909065111219,8032.634939494778,0.0,0.0007854555660141798,5.1789972760305346e-05,0.8406233408746335,30.0,0.016130952380952378,125
126,68489.39098569346,68005.05583996244,116983.4388266949,8133.571124082543,66421.99239966026,45504.94470350889,3216.3312138791143,905.9910581962625,489.0687881812029,0.0,109.35245372176537,143.96849891556803,2060.0828026643985,40.854272419540976,128.55640812256757,68.62049948312122,10.274727195333657,3.7918636078017074,1.345499989865122,0.0,2142322.0,1746.3366686640315,1225.6281725862293,780.2676759408739,127.33322631359927,34.24909065111219,8059.544939292081,0.0,0.0007763207564932156,5.104610351356877e-05,0.7940378891132174,30.0,0.019825061577548923,126
127,68568.8978032764,68113.18511187522,119094.40599261236,8170.75585107518,66560.94585315905,45583.83993018735,3227.5844865216222,908.4374218141991,489.0687881812029,0.0,79.50681758293902,108.12927191279707,2110.9671659174796,37.1847269926361,138.95345349879807,78.89522667845488,11.253272642508293,2.4463636179365853,0.0,0.0,2142196.0,1686.8900327481726,1194.803991000228,767.6689033085004,124.51990815297219,32.78127248035024,8069.941984668311,0.0,0.0007498941734965094,3.711859643969731e-05,0.760563479414002,30.0,0.017612849626142343,127
128,68672.86825703869,68224.49465649136,121026.2993416969,8208.18521442961,66704.05812480833,45671.05279316679,3236.8806682697814,909.6606036231675,489.0687881812029,0.0,103.97045376230487,111.30954461611464,1931.8933490845216,37.42936335442975,143.11227164929025,87.21286297943928,9.296181748159025,1.2231818089682926,0.0,0.0,2142032.0,1647.748214861187,1163.0012639670526,777.2097214184532,129.9019081124327,32.65895429945341,8110.796257087852,0.0,0.0007324939742638275,4.854546071571409e-05,0.7776302451900621,30.0,0.01937767388523795,128
129,68769.01034722361,68339.84070107705,122602.73605709526,8244.02444143238,66826.49862388606,45741.26342900157,3244.5867136662814,914.9202854017312,489.0687881812029,0.0,96.1420901849078,115.34604458571,1576.4367153983355,35.839227002770976,122.4404990777261,70.21063583477999,7.706045396500244,5.2596817785636585,0.0,0.0,2141882.0,1621.4498059683688,1155.9068094750369,751.8898579728095,121.2173172687578,32.90359066124707,8147.980984080488,0.0,0.0007208034602822945,4.489652291837318e-05,0.8319230262532272,30.0,0.022739018087855296,129
130,68893.65257355748,68443.44420029667,124688.2610413862,8282.065395691294,66967.28685009832,45821.38183748898,3250.947259072917,914.9202854017312,489.0687881812029,0.0,124.64222633386903,103.60349921961438,2085.524984290939,38.04095425891391,140.7882262122505,80.11840848742318,6.360545406635121,0.0,0.0,0.0,2141686.0,1605.3038060899873,1118.7220824824005,739.6580398831267,120.11645364068633,30.45722704331049,8185.410347434918,0.0,0.0007136257457206311,5.820117851846134e-05,0.8668665877635051,30.0,0.01824046920821114,130
131,68982.2109365268,68536.77297232095,126145.55984859099,8308.608440945907,67099.1458491051,45886.4551097261,3257.4301226604484,916.1434672106994,490.414288171068,0.0,88.5583629693044,93.32877202428074,1457.2988072048238,26.54304525461195,131.85899900678197,65.07327223711317,6.482863587531952,1.2231818089682926,1.345499989865122,0.0,2141546.0,1560.6576700626447,1078.846355510034,715.072085522864,122.56281725862291,30.33490886241366,8221.24957443769,0.0,0.0006937794490212759,4.1358487771666705e-05,0.8615575878126405,30.0,0.018216318785578743,131
132,69076.51825399823,68644.53528969105,126850.11257055674,8323.775895377115,67214.98116641439,45953.97474558115,3264.8915316951548,920.0576489993979,496.7748335777031,0.0,94.30731747145538,107.76231737010657,704.5527219657366,15.16745443120683,115.83531730929731,67.51963585504976,7.461409034706586,3.9141817886985364,6.360545406635122,0.0,2141398.0,1532.7691248181677,1064.4128101642084,702.9625856140779,116.07995367109098,26.665363435508777,8259.290528696602,0.0,0.0006813833967650806,4.404047940001168e-05,0.8680926792195948,30.0,0.021532091097308487,132
133,69183.30202592116,68754.86628885998,129656.58091305359,8372.58084955495,67357.726483521,46045.95801761556,3269.7842589310285,923.8495126071997,499.2211971956396,0.0,106.78377192293195,110.33099916894,2806.4683424968507,48.80495417783488,142.74531710659977,91.9832720344156,4.892727235873171,3.7918636078017074,2.4463636179365853,0.0,2141230.0,1494.3612160165633,1029.5521286086118,694.277994770403,114.612135500329,25.44218162654049,8285.833573951215,0.0,0.0006643097934462586,4.987141792840515e-05,0.8925984994492671,30.0,0.017391576934530806,133
134,69278.8325252016,68864.58569712445,129656.58091305359,8372.58084955495,67463.16475545405,46133.170880595004,3271.1297589208934,923.8495126071997,499.2211971956396,0.0,95.53049928042365,109.71940826445584,0.0,0.0,105.43827193306683,87.21286297943928,1.345499989865122,0.0,0.0,0.0,2141082.0,1484.45344336392,1033.833264940001,707.6106764881573,109.59709008355904,25.44218162654049,8301.00102838242,0.0,0.0006599053466730077,4.4619560163521174e-05,0.8933159397183077,30.0,0.0,134
135,69381.33516079313,68955.59042371168,132005.946213539,8435.574712716818,67575.57516369825,46188.82565290306,3274.921622528695,925.0726944161679,499.2211971956396,0.0,102.50263559154294,91.00472658724098,2349.3653004853995,62.99386316186707,112.4104082441861,55.65477230805732,3.7918636078017074,1.2231818089682926,0.0,0.0,2140922.0,1474.5456707112767,1012.4275832830559,687.6728130019741,105.56059011396367,25.31986344564366,8349.805982560258,0.0,0.0006555010484250775,4.788729911643376e-05,0.8720236981577116,30.0,0.02666705209438842,135
136,69477.47725097805,69055.27974114261,134322.16328700137,8496.73380316523,67671.59493570225,46255.489061491826,3282.6276679251955,926.4181944060331,499.2211971956396,0.0,96.1420901849078,99.68931743091585,2316.217073462359,61.15909044841463,96.01977200401097,66.66340858877194,7.706045396500244,1.345499989865122,0.0,0.0,2140770.0,1474.6679888921735,1016.0971287099607,690.9754038861886,107.0284082847256,25.44218162654049,8412.799845722122,0.0,0.000655555491898629,4.4914847446743494e-05,0.8283666100058349,30.0,0.025768113451465506,136
137,69555.76088675202,69155.9476040207,136653.05854217132,8547.985120961002,67771.89584403766,46318.11597011101,3287.6427133419647,930.2100580138347,499.2211971956396,464.44213286526076,78.28363577397073,100.66786287809049,2330.8952551699786,51.25131779577147,100.30090833540001,62.62690861917658,5.01504541677,3.7918636078017074,0.0,464.44213286526076,2140646.0,1452.6507163307444,1016.4640832526511,681.3122675953391,104.4597264858922,26.78768161640561,8473.95893617054,464.44213286526076,0.0006457678992082358,3.657454483227115e-05,0.7769490058994473,30.0,0.021702388677794077,137
138,69633.3106134406,69262.24210322005,138924.26252506365,8595.077620606284,67888.70970679412,46392.118469553585,3291.434576949767,931.5555580036998,500.5666971855047,1034.0779013017946,77.54972668858976,106.29449919934464,2271.2039828923257,47.09249964527927,116.81386275647193,74.00249944258171,3.7918636078017074,1.345499989865122,1.345499989865122,569.6357684365339,2140522.0,1412.041080272997,1004.5992197056588,670.3036313146245,94.42963565235219,25.56449980743732,8525.210253966308,1034.0779013017946,0.0006277155059780486,3.623624243670004e-05,0.7940050934986317,30.0,0.02058957666759669,138
139,69724.55997638963,69342.97210261194,141284.391825468,8652.322529265997,68014.81975129875,46471.62528713653,3294.0032587486,935.3474216115017,503.0130608034413,1576.0697608556452,91.24936294903463,80.72999939190733,2360.1293004043205,57.2449086597161,126.11004450463096,79.50681758293902,2.5686817988334147,3.7918636078017074,2.4463636179365853,541.9918595538505,2140380.0,1374.734035099464,956.7728109749985,652.9344496272746,85.74504480867732,24.463636179365853,8572.30275361159,1562.0031700525099,0.0006111315119209827,4.26362380063379e-05,0.8982299712097449,30.0,0.024280107880080257,139
140,69848.46829363811,69452.5691926955,143794.9724883754,8701.127483443834,68129.1872504373,46538.90028662978,3305.6234859337987,937.9161034103352,505.45942442137783,2030.7264392491597,123.90831724848803,109.59709008355904,2510.5806629074204,48.80495417783489,114.36749913853536,67.2749994932561,11.62022718519878,2.5686817988334147,2.4463636179365853,454.65667839351437,2142238.0,1383.6632623049327,950.1676292065698,654.1576314362428,88.31372660751073,20.916408933357808,8619.395253256867,2015.8036211797462,0.00061510177986729,5.785178840441037e-05,0.9839946271242365,30.0,0.019135374713309,140
141,69939.59533840624,69538.19191932329,146189.71783397353,8752.501119420502,68233.64697692318,46615.3491496903,3312.350985883125,937.9161034103352,505.45942442137783,2488.808026707785,91.12704476813781,85.62272662778048,2394.7453455981235,51.37363597666829,104.4597264858922,76.44886306051829,6.72749994932561,0.0,0.0,458.0815874586257,2142098.0,1370.3305805871782,931.330629348458,649.6318587430603,89.90386295916952,20.916408933357808,8668.200207434702,2468.6255268598084,0.0006091747301484287,4.25436851720523e-05,0.9756775051518984,30.0,0.021525403535152386,141
142,70033.04642861143,69623.57000958927,148583.8515886672,8804.486346301655,68327.22038530927,46671.86014926464,3317.6106676616882,940.4847852091685,505.45942442137783,3008.171022795722,93.45109020517756,85.37809026598683,2394.1337546936393,51.985226881152435,93.57340838607439,56.510999574335116,5.2596817785636585,2.5686817988334147,0.0,519.3629960879371,2141954.0,1370.2082624062814,923.1353112283705,636.176858844409,85.86736298957415,23.485090732191217,8719.57384341137,2976.4906139434433,0.0006091201777614375,4.3630642272116534e-05,0.9303378956713348,30.0,0.02170917435563689,142
143,70115.366564355,69714.20778163383,151019.45120668487,8841.304118751601,68429.8453390817,46730.45055791421,3322.870349440252,945.744466987732,506.6826062303462,3550.1628823495726,82.32013574356611,90.63777204455049,2435.5996180176644,36.81777244994561,102.62495377243977,58.59040864958123,5.2596817785636585,5.2596817785636585,1.2231818089682926,541.9918595538505,2141828.0,1348.6802625684395,909.9249476915129,616.9729044436068,83.42099937163756,27.521590701786586,8771.559070292524,3506.8622463120946,0.0005995505694272797,3.842084816575609e-05,0.9239112563081058,30.0,0.014731679042942397,143
144,70216.52369995668,69815.3649172355,153415.54205227282,8892.922391090062,68533.08188375861,46792.22123926711,3329.2308948468867,951.0041487662959,506.6826062303462,4157.228014140536,101.15713560167781,101.15713560167782,2396.0908455879885,51.61827233846195,103.2365446769239,61.770681352898784,6.360545406635122,5.2596817785636585,0.0,607.0651317909636,2141672.0,1346.6008534931934,907.8455386162668,609.1445408662097,85.74504480867732,31.435772490485125,8808.37684274247,4104.753514535797,0.0005986261332857195,4.723281247062012e-05,0.9340558152353943,30.0,0.021891558372756338,144
145,70307.16147200123,69922.39332552023,155673.7803079901,8929.862481720906,68641.4557920332,46856.43828423795,3334.3682584445537,951.0041487662959,508.0281062202113,4741.90891882738,90.63777204455047,107.0284082847256,2258.238255717262,36.940090630842434,108.37390827459073,64.21704497083536,5.1373635976668295,0.0,1.345499989865122,584.6809046868439,2141532.0,1327.519217273288,905.1545386365367,593.7324500732093,81.70854483908195,26.17609071192146,8859.995115080932,4672.676828439775,0.0005901436542974433,4.2339331570694047e-05,0.902814505813299,30.0,0.016627894486290904,145
146,70380.30774417755,70012.17487029849,158031.70788113825,8975.487163195421,68730.7480640879,46920.1660564852,3338.1601220523553,952.2273305752642,508.0281062202113,5128.679006823155,73.1462721763039,89.78154477827269,2357.927573148178,45.62468147451732,89.29227205468537,63.72777224724805,3.7918636078017074,1.2231818089682926,0.0,386.77008799577413,2141420.0,1311.3732173949065,905.643811360124,592.9985409878284,77.79436305038342,24.708272541159513,8896.935205711774,5051.8631892199455,0.0005829662280481127,3.415338220683355e-05,0.859109222059866,30.0,0.01925128263964944,146
147,70471.92406166927,70099.63236963973,160375.56886348332,9025.026026458638,68825.91160882563,46979.12341967747,3345.8661674488553,952.2273305752642,509.2512880291797,5790.2980472941035,91.61631749172513,87.45749934123293,2343.8609823450424,49.53886326321585,95.16354473773318,58.957363192271714,7.706045396500244,0.0,1.2231818089682926,661.6190404709496,2141278.0,1306.60280833993,896.7145841546553,575.5070411195817,76.69349942231197,22.1395907423261,8942.559887186291,5695.256820737267,0.0005808457042127278,4.279196670915383e-05,0.8516118834742651,30.0,0.0209354429784551,147
148,70547.40661110068,70171.78786455076,162761.5684591473,9056.88991258226,68936.71964890006,47041.236591936875,3349.902667418451,952.2273305752642,514.6455198067299,6232.380416691424,75.48254943143336,72.1554949110396,2385.999595664,31.863886123624024,110.80804007443763,62.11317225940991,4.036499969595366,0.0,5.3942317775501705,442.08236939732035,2143210.0,1262.25023594674,851.3223072238421,562.7247912158631,73.18296763057296,15.803508971870343,8988.735000474844,6274.139843649602,0.0005611301586554883,3.521458683784376e-05,0.8638833352498132,30.0,0.013408403338444883,148
149,70635.56132407305,70282.1310955378,165051.8785418957,9100.1171577112,69018.91746646274,47092.708082458266,3356.6546310039566,954.6736941932007,516.1255697955814,6810.590689608825,88.15471297234487,110.34323098702967,2290.310082748411,43.227245128939465,82.19781756266927,51.471490521385746,6.751963585504977,2.4463636179365853,1.4800499888516343,578.2102729174018,2143078.0,1266.727081367564,877.9876706593508,560.7065412310654,75.49478124952303,15.289772612103656,9020.598886598467,6844.37497117253,0.0005631209726266633,4.111830707740961e-05,0.8775080910500386,30.0,0.018598433776314836,149
150,70721.71001887867,70366.44501762997,167359.74128360284,9135.785139260719,69096.34487497043,47164.936968277834,3367.1862263791736,956.1537441820525,516.1255697955814,7360.667780919956,86.14869480563686,84.31392209218441,2307.8627417071057,35.66798154951541,77.42740850769293,72.22888581957768,10.531595375217,1.4800499888516343,0.0,550.0770913111309,2142948.0,1275.448367665508,884.8741842438424,575.2501729396984,84.80319481577173,16.76982260095529,9063.826131727408,7374.734371723092,0.0005669981280549557,4.01918104639585e-05,0.8781511895945618,30.0,0.01572881040359565,150
151,70805.91385460805,70451.70078971508,169729.5214884799,9173.960643518618,69208.92652866787,47220.68959513062,3372.7150081557097,956.1537441820525,516.1255697955814,7730.998305403196,84.20383572937727,85.25577208509,2369.780204877081,38.17550425790042,112.58165369744168,55.75262685277478,5.528781776536683,0.0,0.0,370.3305244832403,2142822.0,1247.0705496974435,857.5483026314907,562.8960366691186,84.81542663386142,15.42432261109017,9099.494113276924,7270.935163414043,0.0005543829951282265,3.928419103430633e-05,0.85523646648103,30.0,0.01601007131916622,151
152,70873.0665359204,70512.00365289721,172099.91328426148,9209.604161431955,69301.2645234269,47273.76345382175,3374.060508145575,957.4992441719176,517.3487516045498,8182.327929276318,67.15268131235928,60.30286318213683,2370.391795781565,35.643517913336055,92.33799475901642,53.07385869113422,1.345499989865122,1.345499989865122,1.2231818089682926,451.32962387312074,2142722.0,1220.662054441818,824.2899892456428,554.9453549108247,81.01133120797002,14.323458983018707,9137.669617534824,7138.281096231431,0.0005426435896209366,3.1327054256454174e-05,0.8568360400082113,30.0,0.014855334500893849,152
153,70956.02272620462,70603.93799765926,174504.54193887606,9241.835002098267,69400.63581358746,47326.49482160638,3378.10923993326,961.6702941404994,517.3487516045498,8548.903285606026,82.95619028422962,91.93434476205688,2404.628654614587,32.230840666314506,99.3712901605841,52.7313677846231,4.048731787685049,4.171049968581879,0.0,366.5753563297077,2142596.0,1204.2469545654635,816.8530438471156,536.6220914124797,77.21946760016831,17.271327142632295,9173.31313544816,6930.976243247486,0.0005353461785384763,3.87152494878574e-05,0.9276976846178095,30.0,0.01331558106789443,153
154,71053.5103163794,70680.38686071978,176816.99161236678,9284.609669957888,69486.45424930469,47382.235216641064,3379.3324217422282,961.6702941404994,517.3487516045498,9008.17135941935,97.48759017477293,76.44886306051829,2312.4496734907366,42.774667859621196,85.81843571721542,55.74039503468509,1.2231818089682926,0.0,0.0,459.2680738133249,2142450.0,1215.9161090230211,807.4834711904184,538.5180232163806,76.96259942028499,17.271327142632295,9205.543976114475,6929.997697800311,0.0005405337566973979,4.548720668926139e-05,0.9951791661188777,30.0,0.018773159999482203,154
155,71152.46572472496,70777.86221907647,179089.79796342886,9320.742460594814,69572.48062592943,47444.11598435677,3385.82751714785,961.6702941404994,521.2751652113379,9489.59125579309,98.95540834553488,97.47535835668324,2272.806351062074,36.13279063692337,86.02637662474004,61.88076771570593,6.495095405621635,0.0,3.92641360678822,481.41989637374064,2142302.0,1224.9187271370276,815.0060393155734,531.8027550851446,75.73941761131668,10.776231737010658,9248.318643974097,6941.520070440793,0.0005445370768088285,4.617474457620143e-05,0.9504844840725118,30.0,0.01607235480555047,155
156,71215.65529697624,70866.07809113926,181426.5400276457,9361.290937562113,69669.94375246803,47510.38797476667,3387.1730171377153,961.6702941404994,521.2751652113379,9863.591325703237,63.18957225130201,88.21587206279328,2336.742064216847,40.5484769672989,97.46312653859357,66.27199040990209,1.345499989865122,0.0,0.0,374.00006991014516,2142208.0,1190.6451728497361,805.7587848397732,539.3620186645687,71.4338176437483,10.776231737010658,9284.451434611017,6781.063080740331,0.0005293006844207585,2.948728932062118e-05,0.8483839373989669,30.0,0.017592900777536814,156
157,71282.55111010872,70946.61238144172,183840.24469128286,9406.1205508608,69765.43755629417,47559.16846530833,3393.6681125433365,963.0157941303645,521.2751652113379,10373.939471859077,66.89581313247592,80.53429030247239,2413.7046636371315,44.82961329868793,95.49380382615462,48.78049054165551,6.495095405621635,1.345499989865122,0.0,510.3481461558408,2142108.0,1162.0471821560573,790.799271316091,521.4546369812729,70.10054947197285,10.776231737010658,9324.999911578318,6745.407331008906,0.0005165874655066276,3.12206403137469e-05,0.839225228381909,30.0,0.01897357424402397,157
158,71369.58049581682,71035.6844807708,186164.95064649946,9447.561950548647,69852.40578291182,47619.74042848843,3397.8391625119184,964.2389759393329,521.2751652113379,10801.331427730689,87.02938570809401,89.07209932907107,2324.705955216599,41.44139968784576,86.96822661764563,60.571963180109854,4.171049968581879,1.2231818089682926,0.0,427.3919558716111,2141978.0,1162.1083412465057,792.9031440275164,521.6748097068871,68.87736766300456,10.65391355611383,9369.829524877005,6563.862686921831,0.0005166148111489901,4.0613660265200945e-05,0.9180442235159619,30.0,0.01788057849397298,158
159,71451.88839974228,71109.12431658126,188535.2323559182,9491.449713854428,69949.53865036201,47674.80807352819,3400.6647124906353,964.2389759393329,521.2751652113379,11325.99080105146,82.30790392547642,73.43983581045629,2370.2817094187576,43.88776330578234,97.13286745017213,55.06764503975254,2.8255499787167566,0.0,0.0,524.6593733207698,2141856.0,1147.2833777218102,769.2101123878005,510.97196887841454,66.5533222259648,9.430731747145536,9411.270924564853,6489.358682937573,0.0005100244994582189,3.841474652744815e-05,0.9578745833264009,30.0,0.018737250895332836,159
160,71535.19931275111,71200.7039386187,190897.2575881264,9519.387186371263,70022.52590890315,47727.9186276736,3407.02525789727,964.2389759393329,521.2751652113379,11849.708324379322,83.31091300883043,91.57962203745608,2362.025232208221,27.937472516835804,72.98725854113805,53.11055414540327,6.360545406635122,0.0,0.0,523.7175233278642,2141732.0,1157.6070321895027,787.8024758841186,518.4700733673902,67.51963585504976,8.085231757280415,9455.158687870633,6620.23913649718,0.0005146141459857703,3.88782740036391e-05,0.9298066620473785,30.0,0.011788900443466695,160
161,71608.05202129329,71277.32404713248,193126.54313042542,9557.525995174896,70106.35055827172,47774.76649095708,3411.0617578668657,965.584475929198,521.2751652113379,12332.07007074597,72.85270854215152,76.62010851377386,2229.2855422989824,38.13880880363136,83.8246493685971,46.847863283485616,4.036499969595366,1.345499989865122,0.0,482.3617463666462,2141624.0,1146.6350913630572,780.5979350292953,511.767037054244,67.6297222178569,9.430731747145536,9483.09616038747,6428.199592489158,0.0005097368108889149,3.400298646511508e-05,0.9157758894057384,30.0,0.01674510187805478,161
162,71687.24081160588,71360.91629195737,195539.770753157,9597.621894872875,70193.96707124813,47837.19769048683,3419.416089622119,965.584475929198,522.6206652012031,12894.15880742117,79.18879031260727,83.59224482489313,2413.2276227316347,40.09589969798064,87.61651297639881,62.43119952974165,8.35433175525344,0.0,1.345499989865122,562.0887366751996,2141504.0,1136.8618687094004,775.2281668879245,514.6782097595885,69.62350856647522,8.085231757280415,9521.234969191102,6547.973555223333,0.0005053923300672134,3.697352386116586e-05,0.9523317367375299,30.0,0.016491962794544464,162
163,71769.67103371225,71435.97072775567,197922.0029488494,9637.326376391988,70280.61727059544,47897.86750821165,3420.8961396109707,966.9299759190632,522.6206652012031,13203.843977815763,82.43022210637325,75.05443579829443,2382.232195692378,39.704481519110786,86.65019934731386,60.669817724827325,1.4800499888516343,1.345499989865122,0.0,309.6851703945924,2141382.0,1132.6418914684598,763.632403338905,506.1037052787207,60.31509500022652,9.430731747145538,9561.33086888908,6290.371466254612,0.0005035163923997946,3.847353624899976e-05,1.0156804011195995,30.0,0.01671780782750773,163
164,71851.30618764281,71511.36765446047,200246.54989043085,9677.165407910084,70362.09341089081,47956.592466860224,3426.2903713885207,968.1531577280314,523.8438470101713,13613.781129273393,81.63515393054386,75.39692670480557,2324.546941581433,39.83903151809729,81.47614029537797,58.724958648567736,5.3942317775501705,1.2231818089682926,1.2231818089682926,409.9371514576336,2141258.0,1131.5777232946573,756.3300079393645,505.6388961913129,61.91746316997499,9.430731747145538,9601.035350408192,6140.788562835878,0.0005030435660392384,3.8125272794673113e-05,1.0947576964417922,30.0,0.017079337344934453,164
165,71953.24615960222,71598.55605380372,202655.34959501404,9700.49148500711,70448.16871478791,47989.092407524506,3427.635871378386,970.9787077067482,523.8438470101713,14087.079098435588,101.93997195941752,87.1883993432599,2408.799704583169,23.326077097025344,86.07530389709878,32.499940664287536,1.345499989865122,2.8255499787167566,0.0,473.2979691621912,2141104.0,1147.442391356976,757.4431033855255,479.1937054814183,61.91746316997497,12.256281725862294,9640.874381926289,6246.593789311636,0.0005100959391058869,4.7613256482007094e-05,1.1296096638652133,30.0,0.009763188072750855,165
166,72033.37679990772,71691.12645310644,204953.86722770063,9728.71028934001,70524.421868759,48055.327702480135,3427.635871378386,972.2018895157165,523.8438470101713,14550.6283085803,80.13064030551286,92.5703993027204,2298.5176326865876,28.218804332898515,76.25315397108338,66.23529495563305,0.0,1.2231818089682926,0.0,463.5492101447139,2140982.0,1151.3198776914055,773.7603487171626,492.61200992580063,57.86873138228994,10.65391355611383,9664.200459023315,6258.40972558627,0.0005118194618889307,3.742891061279013e-05,1.0530759207848803,30.0,0.012214460811768864,166
167,72112.54112658414,71779.90498880137,207337.20028702106,9770.592034479083,70611.19438628721,48125.15915195413,3427.635871378386,972.2018895157165,523.8438470101713,14990.8392098099,79.16432667642792,88.77853569491869,2383.3330593204496,41.88174513907435,86.7725175282107,69.83144947399983,0.0,0.0,0.0,440.21090122959885,2142914.0,1149.0936867990833,777.8457759591167,504.08545529392325,49.416545082319026,9.553049928042366,9703.794854179618,6459.598669525374,0.0005108297505092201,3.69281483800475e-05,0.9301217104449634,30.0,0.01810145304469924,167
168,72180.95368515974,71862.1272700002,209762.94105965845,9818.027025030873,70707.22639010931,48185.6699560438,3430.204553177219,972.2018895157165,525.1893470000365,15260.159380508538,68.41255857559662,82.22228119884865,2425.74077263738,47.43499055179039,96.03200382210066,60.51080408966144,2.5686817988334147,0.0,1.345499989865122,269.32017069863866,2142814.0,1120.1287415627141,762.6905533459997,498.2019507927856,45.11094511475064,6.862049948312122,9745.676599318693,6261.2964346554345,0.0004979535894530705,3.1899887012585135e-05,0.8692986100772151,30.0,0.01945133946965562,168
169,72257.7083436725,71954.52642384969,212034.2306652774,9846.600552088374,70802.98929393345,48230.40171479777,3431.6846031660707,972.2018895157165,525.1893470000365,15593.623205269474,76.75465851276036,92.39915384946484,2271.289605618954,28.573527057499312,95.76290382412763,44.73175875397047,1.4800499888516343,0.0,0.0,333.463824760936,2142702.0,1101.120496251347,759.3268033713367,484.07420089920186,41.1967633260521,6.862049948312122,9793.111589870483,6098.038358612437,0.00048950358997704,3.58135609104616e-05,0.8835112184065533,30.0,0.012412451909616476,169
170,72333.6923976456,72033.32379598341,214296.99469368783,9887.28357905466,70878.04372973174,48290.5944916171,3434.375603145801,972.2018895157165,525.1893470000365,16075.777010728594,75.98405397311035,78.79737213373743,2262.7640284104446,40.68302696628542,75.05443579829445,60.19277681932969,2.690999979730244,0.0,0.0,482.1538054591216,2142590.0,1102.0501144261627,763.0697397067797,493.7251053719618,39.973581517083815,6.862049948312122,9821.685116927982,6203.611180544491,0.0004899167434103928,3.545175442493095e-05,0.923309724102458,30.0,0.017736060136488496,170
171,72414.64256976313,72122.86070439989,216670.15088035766,9929.581206008783,70953.52627916317,48340.01103669942,3435.5987849547696,972.2018895157165,526.6693969888881,16603.66558402504,80.95017211752162,89.53690841647902,2373.156186669833,42.297626954123565,75.48254943143334,49.41654508231903,1.2231818089682926,0.0,1.4800499888516343,527.8885732964461,2142470.0,1106.0376871233993,775.6440487029738,490.3124281249401,38.37121334733534,5.381999959460488,9862.36814389427,6210.815721399313,0.0004916897671949245,3.776890367707084e-05,0.9449647363528573,30.0,0.01791717203109733,171
172,72493.43994189685,72192.63099478344,218957.2195313123,9953.836901280623,71043.3567512138,48384.241290911705,3438.0451485727062,973.681939504568,529.3603969686184,16953.74021775177,78.79737213373741,69.77029038355143,2287.0686509546445,24.255695271841248,89.83047205063141,44.230254212293474,2.4463636179365853,1.4800499888516343,2.690999979730244,350.0746337267254,2142354.0,1092.313587226775,752.8928670561637,463.31680560100995,35.435577005811446,4.171049968581879,9904.665770848393,6125.303081134341,0.0004855892610614421,3.677608463324905e-05,0.9140097244702451,30.0,0.01047820524886831,172
173,72551.52884600477,72251.20917161493,221307.29427724695,9984.11065105259,71116.53971884437,48433.80461781111,3442.228430359378,973.681939504568,529.3603969686184,17381.621446346966,58.08890410790423,58.57817683149153,2350.0747459346017,30.273749771965242,73.18296763057296,49.56332689939522,4.183281786671562,0.0,0.0,427.8812285951984,2142268.0,1077.2195237041065,738.288076257082,455.7575420215859,38.13880880363137,4.171049968581879,9928.921466120233,6014.323795606648,0.000478879077511606,2.711016833645797e-05,0.8528709670862245,30.0,0.01272976787465222,173
174,72606.90228649676,72324.07411197518,223772.71506776725,10021.992591676337,71201.52639093148,48476.10224476523,3449.0904803076896,973.681939504568,529.3603969686184,17803.631402259118,55.37344049199461,72.8649403602412,2465.4207905203116,37.88194062374803,84.986672087117,42.297626954123565,6.862049948312122,0.0,0.0,422.0099559121507,2142186.0,1047.606292108984,726.1663445302063,443.3789421148268,42.17530877322673,4.171049968581879,9959.195215892198,5911.026091839275,0.00046571456397737684,2.584915403770864e-05,0.8606361672182965,30.0,0.015211709521649259,174
175,72686.50695862442,72401.96632957026,225992.64326922764,10049.722123285648,71284.77614484986,48529.0170898212,3456.918843885087,974.9051213135365,529.3603969686184,18083.837891057574,79.60467212765649,77.89221759510087,2219.928201460375,27.7295316093112,83.249753918382,52.91484505596834,7.828363577397073,1.2231818089682926,0.0,280.20648879845646,2142068.0,1043.9612103182585,720.8088082069252,443.0609148444951,44.48712239217681,5.3942317775501705,9997.077156515947,5689.5323298712965,0.000464093854086064,3.715285532765489e-05,0.9548852880981873,30.0,0.012550096530188033,175
176,72769.37752618201,72482.78195168881,228432.5851826671,10074.087904920298,71369.34693512192,48581.69953033347,3458.3988938739385,976.1283031225046,529.3603969686184,18514.263337815424,82.87056755760183,80.8156221185351,2439.941913439502,24.365781634648393,84.57079027206777,52.68244051226437,1.4800499888516343,1.2231818089682926,0.0,430.42544675785257,2141946.0,1042.2609876037927,717.0536400533927,448.18604662407216,39.10512243271633,6.617413586518464,10024.806688125256,5554.493058161197,0.000463337974165959,3.867537328895002e-05,1.0229446679641794,30.0,0.009910252844179988,176
177,72840.79911200769,72545.28654212708,230831.45265096147,10103.737831969687,71464.99975258326,48624.96347091667,3459.87894386279,978.8315349203247,529.3603969686184,18984.246484275314,71.42158582565861,62.50459043827976,2398.867468294347,29.649927049391415,95.6528174613205,43.263940583208516,1.4800499888516343,2.703231797819927,0.0,469.9831464598871,2141840.0,1018.0297559681309,683.9054130303518,430.9758785718883,35.06862246312096,7.975145394473269,10049.172469759906,5708.67512518165,0.0004525656960726208,3.3341548148470256e-05,1.0039244853868285,30.0,0.012338767513523793,177
178,72902.78996608619,72613.71133252079,233123.21832006253,10134.855577189843,71547.29542469064,48677.51136142995,3462.447625661624,980.1770349101898,529.3603969686184,19296.598191013458,61.990854078513074,68.4247903936863,2291.7656691010825,31.11774522015337,82.29567210738674,52.547890513277856,2.5686817988334147,1.345499989865122,0.0,312.3517067381432,2141748.0,997.7249379392572,670.0345313166514,424.15052407784515,37.63730426195438,9.320645384338391,10078.822396809297,5609.768644108473,0.0004435390437117179,2.893780959732039e-05,0.9715731925917641,30.0,0.013569824959929182,178
179,72966.50550651534,72680.53375474471,235470.0394023853,10163.685972427224,71624.97970137821,48724.38368834961,3463.7931256514885,982.86803488992,529.3603969686184,19605.047947780993,63.71554042915837,66.82242222393783,2346.821082322746,28.830395237382664,77.68427668757627,46.872326919664985,1.345499989865122,2.690999979730244,0.0,308.4497567675344,2141654.0,983.7562016808391,659.172676853013,438.1681876086219,37.63730426195438,10.666145374203513,10109.94014202945,5433.691622707488,0.0004373291485167623,2.9750197241477882e-05,1.0076875914501853,30.0,0.012192998523471133,179
180,73051.52887405673,72742.95272245636,237695.48415380408,10185.372985900232,71697.99142355553,48764.112633504905,3466.361807450322,984.3480848787716,529.3603969686184,19939.025508901694,85.02336754138604,62.41896771165197,2225.4447514188223,21.68701347300783,73.0117221773174,39.728945155290155,2.5686817988334147,1.4800499888516343,0.0,333.9775611207026,2141528.0,995.7678470449079,648.5799223873476,422.3891422729308,40.20598606078779,12.146195363055147,10138.770537266833,5296.805346465846,0.000442669020803488,3.969962629214356e-05,1.069942359471281,30.0,0.009724685416493063,180
181,73121.37255534882,72821.07734459516,240103.34200839436,10202.632081224776,71766.33059122259,48814.91137403135,3470.5328574189043,984.3480848787716,529.3603969686184,20345.941401291173,69.84368129208951,78.12462213880485,2407.8578545902637,17.25909532454261,68.3391676670585,50.798740526453194,4.171049968581879,0.0,0.0,406.915892389482,2141424.0,997.2723606699388,658.3653768590939,431.78317856580736,42.89698604051803,12.146195363055147,10160.457550739842,5276.8552511615735,0.0004433378373823655,3.2612598690353795e-05,1.0666358240146459,30.0,0.007160443815190308,181
182,73193.62590480459,72893.84443041068,242466.55372695727,10239.645562764157,71837.93565431959,48851.80253738984,3473.2238573986347,985.6935848686368,530.5835787775867,20693.239412311545,72.25334945575705,72.76708581552373,2363.211718562921,37.01348153938054,71.60506309700386,36.89116335848371,2.690999979730244,1.345499989865122,1.2231818089682926,347.29801102036737,2141316.0,996.6974652197238,658.3042177686455,411.1847969027813,44.36480421127998,12.268513543951977,10177.716646064382,5358.881823270987,0.0004430823286033971,3.374826775054104e-05,0.9937681570702329,30.0,0.015688702727402228,182
183,73254.51589525501,72960.12865263868,244868.36906341123,10272.769326151018,71899.87758112575,48898.96842794365,3474.569357388499,985.6935848686368,531.9290787674519,20935.551728668164,60.88999045044161,66.28422222799179,2401.8153364539603,33.12376338686137,61.94192680615434,47.16589055381737,1.345499989865122,0.0,1.345499989865122,242.3123163566188,2141226.0,994.3000288741459,661.3010132006178,414.70756051261,41.67380423154974,10.923013554086856,10214.730127603765,5264.647896708071,0.0004420166758238108,2.8431861745547878e-05,0.9125824196283032,30.0,0.013771144694304377,183
184,73316.73915387722,73034.10668844506,247322.48765401673,10311.715434948568,71968.06996697575,48951.40623209412,3479.95135734796,985.6935848686368,534.6323105652717,21154.574663382024,62.22325862221705,73.97803580640235,2454.1185906054443,38.94610879755044,68.19238584998233,52.43780415047071,5.381999959460488,0.0,2.703231797819927,219.02293471386247,2141134.0,985.6276698485606,664.3834313592179,421.5818422790118,41.783890594356876,8.21978175626693,10247.853890990627,5004.4893577586045,0.00043816187802239216,2.9056325299305648e-05,0.8948469869190486,30.0,0.015688133365499728,184
185,73381.81242611434,73120.78135142857,249608.73677315935,10337.194312029378,72054.2920526899,48999.39165445995,3485.211039126524,985.6935848686368,534.6323105652717,21618.06271443629,65.07327223711317,86.67466298349322,2286.2491191426357,25.47887708080954,86.22208571417495,47.985422365826125,5.2596817785636585,0.0,0.0,463.48805105426544,2141038.0,964.4788563714989,664.8360086285361,413.77794233779406,45.820390563952245,8.21978175626693,10286.799999788174,4938.877885525544,0.0004287602626654571,3.038911235465463e-05,0.9644393537786916,30.0,0.011061682058874839,185
186,73468.41369818928,73193.68298724308,251992.52240974913,10364.53242545982,72126.4964748733,49038.58239961929,3486.6910891153757,985.6935848686368,534.6323105652717,22032.488943132837,86.60127207495512,72.90163581451024,2383.7856365897674,27.338113430441346,72.20442218339832,39.190745159344104,1.4800499888516343,0.0,0.0,414.42622869654724,2140910.0,978.8757062630557,665.533222259648,410.5365105440281,44.59720875498396,6.739731767415293,10312.278876868986,5007.535080462935,0.0004351601342702416,4.044813134707439e-05,1.0468368805299337,30.0,0.011440741338903953,186
187,73535.44406132076,73261.19039128003,254400.93069615337,10390.928688897355,72186.55470169363,49094.53073556149,3488.171139104227,985.6935848686368,534.6323105652717,22501.06543051241,67.03036313146245,67.50740403696008,2408.4082864042994,26.396263437535755,60.05822682034318,55.94833594220971,1.4800499888516343,0.0,0.0,468.5764873795736,2142860.0,984.5023425843099,673.3860494732246,426.6335831500508,40.829808783361614,6.874281766401805,10320.645440442328,5114.587952383839,0.00043766140079113823,3.128219061125858e-05,1.0607071488695148,30.0,0.010969161201021264,187
188,73616.18629253075,73335.24181799497,256747.40928756964,10430.412997690853,72268.64243289351,49148.41189424655,3496.390920860494,987.0390848585018,534.6323105652717,22806.371610030892,80.742231209997,74.05142671494045,2346.478591416235,39.48430879349649,82.08773119986213,53.8811586850533,8.219781756266928,1.345499989865122,0.0,305.30617951848586,2142742.0,983.1568425944446,665.3497449883029,429.2022649488843,47.70409054976342,8.219781756266928,10347.041703879866,5001.7861259607835,0.0004370631488219676,3.7677076049744144e-05,0.9941328221391897,30.0,0.016766153235700527,188
189,73670.32431939569,73400.1805402331,259107.57528342828,10467.597724683486,72343.02411869686,49195.28422116622,3497.736420850359,988.5191348473534,535.9778105551369,23129.12036214527,54.138026864936634,64.93872223812666,2360.1659958585897,37.1847269926361,74.38168580336189,46.87232691966498,1.345499989865122,1.4800499888516343,1.345499989865122,322.74875211437376,2142664.0,961.5676836661544,654.5612814332026,419.63698320275216,46.358590559898296,8.354331755253439,10386.526012673361,5032.1944257317355,0.000427466196386054,2.5261978409816772e-05,0.9030585481584975,30.0,0.01570331455164541,189
190,73727.07995533182,73475.9321896625,261409.77469335985,10492.783038130143,72400.96624098768,49236.08956631339,3499.0819208402245,988.5191348473534,535.9778105551369,23422.37820084542,56.75563593612878,75.75164942940638,2302.1994099315825,25.185313446657148,57.942122290828024,40.80534514718225,1.345499989865122,0.0,0.0,293.2578387001482,2142582.0,960.381197311455,672.3708085717809,423.5144695371817,45.13540875093001,8.354331755253439,10423.710739665998,4888.017985908643,0.00042693871616715723,2.648680451458833e-05,0.8921551218513389,30.0,0.010970466460508432,190
191,73797.93887752535,73543.7331573336,263687.3147580226,10524.463446982425,72482.2833676479,49290.26428863261,3503.2529708088064,988.5191348473534,535.9778105551369,23912.14019715632,70.8589221935332,67.80096767111247,2277.5400646627813,31.68040885227878,81.3171266602121,54.17472231920569,4.171049968581878,0.0,0.0,489.7619963109044,2142480.0,949.9229928447761,658.8546495826812,422.63377863472454,44.15686330375537,7.131149946285147,10448.896053112654,4899.846154001366,0.00042228945849896954,3.306024747453915e-05,0.9724441141566903,30.0,0.014031633979580422,191
192,73872.63859059903,73600.45209781546,266061.84090831847,10559.642155808353,72553.15452165953,49331.00847468934,3503.2529708088064,988.5191348473534,535.9778105551369,24341.69718482981,74.69971307369364,56.71894048185974,2374.5261502958774,35.1787088259281,70.87115401162289,40.74418605673383,0.0,0.0,0.0,429.556987673485,2142372.0,953.7515519068469,644.702436052918,416.7747377697664,39.98581333517349,4.305599967568391,10480.576461964933,5011.400334979275,0.0004239911672110089,3.4862478607758046e-05,1.0192463686056554,30.0,0.01465681511122752,192
193,73937.14919920402,73660.3880064549,268453.6016903027,10581.989687458203,72619.85462570256,49374.358037999176,3504.598470798671,988.5191348473534,535.9778105551369,24626.73524177369,64.51060860498777,59.935908639446346,2391.7607819842406,22.34753164985071,66.70010404304101,43.3495633098363,1.345499989865122,0.0,0.0,285.0380569438813,2142280.0,951.5620564687937,637.9382406493235,420.21187865296724,38.37121334733534,2.8255499787167566,10515.75517079086,4980.429371576198,0.0004230177622664267,3.0102770086852536e-05,0.9792175944346561,30.0,0.009371839239382212,193
194,73995.6050578546,73731.00229228665,270679.2054553567,10612.55700086432,72713.07331136402,49405.891665034374,3505.9439707885367,988.5191348473534,535.9778105551369,24973.69076188755,58.45585865059472,70.61428583173955,2225.6037650539884,30.567313406117638,93.21868566147359,31.533627035202585,1.345499989865122,0.0,0.0,346.95552011385627,2142196.0,916.7992294579147,615.3338408195893,387.1003470841956,37.025713357470224,2.8255499787167566,10538.102702440712,4984.673812453318,0.0004075639495897677,2.727598736746183e-05,0.9303208506336447,30.0,0.013546664983127885,194
195,74058.96587555917,73783.06091007634,272936.1716019927,10657.80249597806,72787.14920171516,49451.58973741743,3510.115020757118,988.5191348473534,535.9778105551369,25336.987990969217,63.36081770455756,52.05861778969054,2256.966146635935,45.24549511373715,74.07589035111981,45.69807238305542,4.171049968581878,0.0,0.0,363.2972290816726,2142104.0,906.0841568113526,593.31656825816,376.50759261853017,39.851263336186975,2.8255499787167566,10568.67001584683,4938.890117343634,0.000402800350348976,2.9574796831065166e-05,0.9172961912973449,30.0,0.01982314297674815,195
196,74108.88392518317,73856.12155952601,275215.44858482416,10683.097895787523,72848.10035125604,49493.43478710223,3511.460520746983,988.5191348473534,535.9778105551369,25576.217889167237,49.918049623996026,73.06064944967613,2279.2769828315168,25.295399809464296,60.95114954089003,41.845049684805296,1.345499989865122,0.0,0.0,239.2298981980187,2144078.0,897.9866932359824,606.282295433224,381.31469712777556,37.40489971825039,2.8255499787167566,10621.376919995273,4875.41921327627,0.0003992003797489846,2.3269852987145367e-05,0.9301475827802153,30.0,0.01122809174641402,196
197,74176.1589246764,73931.33500895948,277499.9730176162,10700.185745658808,72918.60455072497,49542.41098673333,3512.9405707358346,988.5191348473534,535.9778105551369,25924.029636547373,67.2749994932561,75.21344943346033,2284.524432791991,17.08784987128705,70.5041994689324,48.97619963109044,1.4800499888516343,0.0,0.0,347.8117473801341,2143982.0,894.7574932603062,610.9915453977519,386.6966970872361,37.539449717236906,2.8255499787167566,10646.672319804737,4969.873312564801,0.0003977645657232751,3.1372725277672213e-05,0.962218407963223,30.0,0.007655912185820882,197
198,74242.49207417676,74002.7810584213,279871.95494974934,10730.863145427735,72993.54890016046,49595.28913633503,3517.246170703403,988.5191348473534,537.4578605439885,26480.93208235254,66.33314950035052,71.44604946183799,2371.981932133224,30.677399768924783,74.94434943548728,52.87814960169929,4.305599967568391,0.0,1.4800499888516343,556.902445805174,2143888.0,884.6662433363177,606.013195435251,384.00569710750585,36.328499726358295,1.345499989865122,10663.760169676027,5305.441010037162,0.00039327879238345925,3.0948410421632826e-05,0.9753106515210972,30.0,0.01290845729171452,198
199,74302.77047372272,74054.44825803212,282287.8001815522,10764.23154517639,73065.12949962128,49634.30863604111,3522.8972706608365,988.5191348473534,537.4578605439885,26739.40263040564,60.27839954595747,51.66719961082068,2415.8452318028267,33.36839974865502,71.5805994608245,39.01949970608854,5.651099957433513,0.0,0.0,258.47054805308994,2143802.0,873.3640434214507,586.0997955852472,377.8163971541263,39.01949970608854,1.345499989865122,10694.437569444952,5097.4267116040155,0.0003882544908237461,2.812006626348529e-05,0.9512519879558278,30.0,0.01385779188444441,199
200,74358.07052330617,74106.65365763888,284610.1331640594,10794.505294948354,73124.7351491723,49683.68848566916,3525.7228206395534,991.3446848260703,537.4578605439885,26935.84562892594,55.30004958345652,52.20539960676674,2322.3329825072005,30.273749771965242,59.60564955102492,49.379849628049975,2.8255499787167566,2.8255499787167566,0.0,196.44299852030784,2143724.0,869.0584434538823,578.699545640989,388.84949707102027,37.67399971622341,4.171049968581878,10727.805969193603,4873.131863293499,0.00038634034225066524,2.5797180116701116e-05,0.9688733985428932,30.0,0.012758630057478257,200
201,74421.5781228278,74158.99360724463,286975.9257962393,10812.534994812548,73189.18459868684,49711.67488545836,3527.202870628405,991.3446848260703,537.4578605439885,27335.45912591588,63.50759952163376,52.33994960575325,2365.792632179844,18.029699864192633,64.44944951453934,27.986399789194536,1.4800499888516343,0.0,0.0,399.6134969899412,2143634.0,868.1165934609768,566.590045732203,366.2450972412862,36.46304972534481,2.8255499787167566,10758.079718965568,4799.533013847877,0.0003859213946705442,2.9617529462188903e-05,1.087782561779462,30.0,0.007629816538798772,201
202,74512.26482214472,74229.36325671457,289292.4731287901,10832.179294664578,73256.3250481811,49758.094635108704,3527.202870628405,992.6901848159354,537.4578605439885,27748.123972807516,90.68669931690923,70.36964946994588,2316.5473325507805,19.64429985203078,67.14044949426959,46.4197496503467,0.0,1.345499989865122,0.0,412.664846891633,2143506.0,891.6628432836163,569.8192457078792,368.1287972270974,30.94649976689781,4.171049968581878,10776.109418829763,4902.732863070532,0.0003963887733453383,4.230290366497885e-05,1.1964416098623885,30.0,0.00865406736723135,202
203,74586.94007158223,74290.31440625546,291646.963561055,10859.08929446188,73301.53384784058,49801.9579347783,3530.028420607122,992.6901848159354,537.4578605439885,28074.676820347784,74.67524943751428,60.951149540890036,2354.4904322649772,26.90999979730244,45.208799659468106,43.86329966960297,2.8255499787167566,0.0,0.0,326.55284754026513,2143400.0,921.1292930616626,585.5615955893011,385.21664709838444,33.77204974561456,4.171049968581878,10795.753718681792,4903.136513067491,0.0004094881300302871,3.484030522121761e-05,1.158855884295182,30.0,0.011652224162550151,203
204,74650.71677110184,74353.95655577608,293893.1412441359,10885.73019426121,73374.45994729127,49848.64678442662,3532.7194205868523,992.6901848159354,537.4578605439885,28307.9865185904,63.77669951960678,63.64214952062027,2246.177683080835,26.640899799329418,72.92609945068962,46.68884964831973,2.690999979730244,0.0,0.0,233.3096982426122,2143310.0,911.9798931305797,576.2776456592319,380.2382971358835,30.811949767911294,4.171049968581878,10822.663718479098,4837.207013564101,0.00040542065053773157,2.974715634438648e-05,1.0354579812248603,30.0,0.011944271343272087,204
205,74710.45697065184,74423.6534552511,296315.848525887,10917.214894024055,73431.64369686053,49891.164584106366,3537.159570553407,992.6901848159354,537.4578605439885,28563.227866667807,59.740199550011425,69.69689947501332,2422.707281751139,31.484699762843853,57.18374956926768,42.517799679737855,4.440149966554904,0.0,0.0,255.24134807741365,2143226.0,914.5363431113235,588.7907955649774,385.21664709838444,35.2520997344662,4.171049968581878,10849.304618278427,4602.955465328582,0.0004065570932060402,2.7874196285863883e-05,0.9739345363574682,30.0,0.013366770191909313,205
206,74769.25532020895,74492.27395473422,298529.19600921514,10933.764543899397,73506.18439629904,49925.87848384488,3547.1162704784088,992.6901848159354,540.1488605237188,28851.299414497928,58.79834955710584,68.62049948312122,2213.347483328126,16.549649875341,74.54069943852775,34.71389973852015,9.956699925001903,0.0,2.690999979730244,288.07154783012265,2143142.0,896.1029932501713,580.1795956298407,362.0740472727044,41.17229968987273,1.4800499888516343,10880.789318041268,4453.874066451526,0.00039836293616275716,2.7429930998392295e-05,1.0021258078935997,30.0,0.007543644128697921,206
207,74846.48701962721,74584.57525403895,300773.6245423091,10959.46359370582,73573.72849579027,49980.909433430366,3548.461770468274,992.6901848159354,540.1488605237188,29180.543262017927,77.23169941825802,92.30129930474736,2244.42853309401,25.69904980642383,67.54409949122913,55.0309495854835,1.345499989865122,0.0,0.0,329.24384751999537,2143032.0,905.7905931772002,604.9367954433588,367.8596972291244,39.82679970000761,1.4800499888516343,10897.33896791661,4499.217416109981,0.00040266944176315864,3.603515105033725e-05,1.037513295738001,30.0,0.011556979643256358,207
208,74904.3435191914,74656.15585349979,303119.23467464105,10996.464843427111,73627.01029538894,50038.900482993544,3552.4982704378695,992.6901848159354,540.1488605237188,29521.762059447723,57.85649956420025,71.58059946082449,2345.6101323318676,37.001249721290854,53.281799598658836,57.99104956318676,4.036499969595366,0.0,0.0,341.21879742979496,2142950.0,910.3652931427416,623.2355953055246,391.405947051764,41.03774969088622,1.4800499888516343,10923.038017723034,4491.278966169777,0.0004047029083251032,2.699457776945607e-05,1.049181722505936,30.0,0.015801583194820147,208
209,74987.36086856609,74724.64180298391,305538.71275641647,11038.982643106847,73674.91009502814,50088.54943261958,3556.9384204044245,994.0356848058005,540.1488605237188,29724.12525792343,83.01734937467803,68.48594948413471,2419.478081775462,42.517799679737855,47.89979963919835,49.64894962602301,4.440149966554904,1.345499989865122,0.0,202.36319847571434,2142832.0,945.4828428782214,643.8217451504609,410.24294690987574,42.78689967771088,2.8255499787167566,10960.039267444325,4317.57491747819,0.00042031452277998865,3.874004461758497e-05,1.0619201753797824,30.0,0.017425535673247637,209
210,75055.44316805326,74783.97835253696,307890.37763870275,11065.48899290719,73740.43594453456,50127.838032323634,3561.2440203719925,994.0356848058005,540.1488605237188,30033.186605595452,68.08229948717516,59.33654955305188,2351.6648822862603,26.506349800342907,65.52584950643146,39.28859970406156,4.305599967568391,0.0,0.0,309.06134767201854,2142736.0,948.039292858965,637.6324451970813,406.4755469382534,47.092499645279275,2.8255499787167566,11002.557067124062,4381.755266994757,0.00042145117387971714,3.177590813933134e-05,1.0531041264612981,30.0,0.01107878031718108,210
211,75129.04201749888,74838.87475212346,310278.23647071637,11086.613342748075,73800.71434408051,50158.64998209155,3565.4150703405744,995.5157347946521,540.1488605237188,30491.19480214554,73.59884944562218,54.896399586496976,2387.8588320136323,21.124349840882417,60.27839954595746,30.811949767911294,4.171049968581878,1.4800499888516343,0.0,458.00819655008763,2142632.0,961.3597427586297,632.2504452376209,393.5587470355482,49.78349962500952,4.305599967568391,11029.063416924406,4491.682616166737,0.000427372486932498,3.434319419395796e-05,1.005998661768481,30.0,0.008910108421526656,211
212,75192.41506702153,74902.38235164508,312627.2103530229,11121.865442482542,73854.26524367715,50206.68433172973,3565.4150703405744,995.5157347946521,540.1488605237188,31026.434698113888,63.37304952264725,63.50759952163376,2348.97388230653,35.2520997344662,53.55089959663186,48.03434963818486,0.0,0.0,0.0,535.2398959683455,2142542.0,971.1818926846452,642.2071451626227,411.99209689670045,49.78349962500952,4.305599967568391,11050.187766765286,4470.020066329908,0.00043173917216285585,2.9587380322326617e-05,0.9509942823339479,30.0,0.01478953014654934,212
213,75247.44601660702,74996.83645093362,314863.8349861757,11155.50294222917,73931.63149309439,50258.8897313365,3569.720670308143,996.8612347845171,540.1488605237188,31343.97269572206,55.0309495854835,94.45409928853157,2236.6246331527923,33.63749974662805,77.36624941724453,52.20539960676674,4.305599967568391,1.345499989865122,0.0,317.5379976081688,2142464.0,948.846592852884,659.2949950339098,418.1813968500799,49.648949626023,5.651099957433513,11085.439866499753,4525.992865908297,0.0004218099407414364,2.5683143463961896e-05,0.930651468285118,30.0,0.01512499680648246,213
214,75318.4884160719,75054.9620504958,317135.038969068,11190.21684196769,73999.57924258258,50310.691480946305,3578.197320244293,996.8612347845171,540.1488605237188,31593.832043840008,71.04239946487844,58.12559956217327,2271.2039828923257,34.71389973852015,67.94774948818868,51.8017496098072,8.47664993615027,0.0,0.0,249.85934811795315,2142362.0,951.9412428295739,649.4728451078944,419.12324684298557,55.43459958244303,5.651099957433513,11119.077366246382,4573.892665547496,0.00042318566793206824,3.3156060698842375e-05,0.9458116079693408,30.0,0.015444714448785046,214
215,75375.94126563912,75112.28035006404,319558.2844508152,11230.985491660604,74087.57494191974,50345.67448068279,3578.197320244293,996.8612347845171,540.1488605237188,32042.018090464077,57.452849567240705,57.318299568254204,2423.2454817470853,40.7686496929132,87.99569933717899,34.98299973649318,0.0,0.0,0.0,448.18604662407216,2142280.0,921.3983930596356,618.7954453389697,401.900846972712,53.9545495935914,4.171049968581878,11153.7912659849,4623.676165172505,0.0004096075730543611,2.6811646304106446e-05,0.9417596921904291,30.0,0.01679948146443084,215
216,75443.48536513036,75183.05364953095,321851.28553354327,11255.204491478176,74164.13389134308,50382.13753040814,3578.197320244293,999.8213347622204,540.1488605237188,32463.294137290846,67.54409949122912,70.77329946690541,2293.0010827281412,24.2189998175722,76.55894942332544,36.46304972534481,0.0,2.9600999777032686,0.0,421.27604682676974,2142184.0,912.3835431275393,613.0097953825496,388.44584707406074,49.5143996270365,7.131149946285147,11194.559915677815,4627.981765140074,0.00040559990126161425,3.15204789414883e-05,0.8921986162944444,30.0,0.010238092570138751,216
217,75485.33041481515,75252.21234901,324151.4177662177,11284.267291259262,74228.04514086168,50435.68843000477,3579.5428202341586,1002.6468847409373,540.1488605237188,32872.326134209856,41.845049684805296,69.15869947906728,2300.1322326744257,29.062799781086643,63.91124951859331,53.55089959663186,1.345499989865122,2.8255499787167566,0.0,409.0319969189971,2142124.0,890.3173432937514,618.2572453430237,402.3044969696715,49.379849628049975,9.956699925001903,11218.778915495388,4707.366264542116,0.000395790484475381,1.953964546837536e-05,0.8327568769111064,30.0,0.012698166038679251,217
218,75541.43776439254,75312.75984855395,326449.8008489053,11315.079241027173,74300.02939031945,50469.59502974936,3583.579320203754,1002.6468847409373,541.4943605135838,33319.435780842025,56.10734957737559,60.5474995439305,2298.3830826876015,30.811949767911294,71.98424945778403,33.90659974460108,4.036499969595366,0.0,1.345499989865122,447.1096466321801,2142044.0,873.0949434234777,605.4749954393048,380.91104713081603,46.554299649333224,8.611199935136781,11252.281865243029,4923.9917629104,0.0003881346491522734,2.6187902900230102e-05,0.8024263749320074,30.0,0.013411677500307004,218
219,75587.18476404794,75381.51489803605,328698.80408196483,11354.367840731235,74359.09683987455,50503.23252949599,3586.270320183484,1002.6468847409373,541.4943605135838,33629.169878508976,45.74699965541415,68.75504948210774,2249.003233059552,39.28859970406156,59.06744955507886,33.63749974662805,2.690999979730244,0.0,0.0,309.73409766695113,2141978.0,859.774493523813,615.1625953663339,378.08549715209926,47.765249640211835,8.611199935136781,11282.959265011956,4975.7935125202075,0.00038221303089598787,2.1346918784331618e-05,0.8080422293470912,30.0,0.01743481153695043,219
220,75642.75391362938,75443.27334757085,330887.93256547535,11379.394140542729,74429.87013934142,50547.63402916154,3588.961320163214,1002.6468847409373,541.4943605135838,33999.45147571986,55.56914958142954,61.758449534809095,2189.1284835105535,25.02629981149127,70.77329946690543,44.401499665549025,2.690999979730244,0.0,0.0,370.2815972108816,2141898.0,844.5703436383371,606.1477454342375,378.6236971480454,44.80514966250856,8.611199935136781,11317.942264748446,5049.79601196279,0.00037545397031179867,2.5935523560429374e-05,0.8519347464049624,30.0,0.011099224182892426,220
221,75698.72671320775,75496.15149717256,333168.6895982957,11411.551590300502,74511.13833872929,50592.70827882203,3591.6523201429445,1005.4724347196541,542.9744105024355,34331.251773220596,55.972799578389086,52.87814960169929,2280.7570328203683,32.15744975777642,81.26819938785337,45.074249660481584,2.690999979730244,2.8255499787167566,1.4800499888516343,331.8002975007391,2141818.0,817.7948938400211,576.2776456592317,363.55409726155597,40.49954969494017,9.956699925001903,11348.619664517373,5059.483611889818,0.00036355115654129456,2.612721781602004e-05,0.9129970206674262,30.0,0.01407813711831744,221
222,75761.56156273445,75551.04789675905,335528.1583805232,11429.984940161654,74584.7371881749,50625.00027857878,3591.6523201429445,1006.9524847085056,542.9744105024355,34768.1356199298,62.83484952670119,54.89639958649699,2359.468782227478,18.433349861152173,73.59884944562218,32.291999756762934,0.0,1.4800499888516343,0.0,436.88384670920516,2141728.0,807.0308939211002,557.5751958001066,340.6805974338489,37.539449717236906,11.436749913853538,11376.606064306568,5156.897811156053,0.000358766085315712,2.9330065012201093e-05,0.9513007041577721,30.0,0.007981497404732786,222
223,75810.80686236352,75606.3479463425,337854.796962998,11452.320239993418,74652.14673766716,50653.92852836088,3594.4778701216615,1008.2979846983708,544.4544604912871,35084.73176754507,49.245299629063474,55.300049583456506,2326.6385824747695,22.335299831761024,67.40954949224262,28.92824978210013,2.8255499787167566,1.345499989865122,1.4800499888516343,316.59614761526325,2141658.0,787.3865940690694,543.9856459024688,323.05454756661584,33.233849749668515,11.302199914867026,11394.904864168731,5266.825160328034,0.00035003365261999784,2.2992738758431005e-05,0.9972291084797351,30.0,0.009615000216228292,223
224,75876.87091186589,75645.63654604656,340216.01489521225,11476.270139813016,74719.55628715939,50688.91152809737,3597.303420100378,1008.2979846983708,544.4544604912871,35403.34616514513,66.0640495023775,39.28859970406156,2361.217932214303,23.949899819599175,67.40954949224262,34.98299973649317,2.8255499787167566,0.0,0.0,318.6143976000609,2141564.0,786.0410940792042,515.8646961142878,319.0180475970204,31.888349759803397,9.956699925001903,11417.240164000494,5274.629060269252,0.00034943553729489775,3.084871810886883e-05,1.0707024792189928,30.0,0.010273669199085667,224
225,75941.32036138044,75706.58769558746,342659.4428768073,11508.293039571805,74777.14368672561,50726.72007781258,3598.6489200902433,1009.643484688236,544.4544604912871,35577.588413832666,64.44944951453934,60.95114954089003,2443.4279815950617,32.022899758789904,57.587399566227226,37.808549715209935,1.345499989865122,1.345499989865122,0.0,174.2422486875333,2141472.0,792.9031440275164,519.2284460889506,324.80369755344043,31.888349759803397,11.302199914867026,11441.190063820093,4996.648762363117,0.0003524860770503067,3.0092576077412633e-05,1.0863712566060861,30.0,0.012903001298449124,225
226,76000.25326093653,75769.96074511009,344913.8281098263,11530.897439401539,74825.3125863628,50774.75442745077,3604.3000200476768,1010.988984678101,544.4544604912871,35785.60271226581,58.932899556092345,63.373049522647236,2254.385233019012,22.604399829734053,48.16889963717138,48.034349638184864,5.651099957433513,1.345499989865122,0.0,208.01429843314787,2141388.0,803.6671439464374,534.4325959744265,341.62244742675455,36.05939972838527,11.167649915880514,11474.558463568746,4664.0411648684585,0.000357271260752689,2.751447708752856e-05,1.0029801871149804,30.0,0.01018066401727514,226
227,76053.40051053619,75829.7009446601,347216.3822424825,11547.581639275868,74889.76203587733,50812.56297716597,3608.4710700162586,1010.988984678101,545.7999604811523,36097.8932599135,53.14724959967232,59.740199550011425,2302.5541326561834,16.68419987432751,64.44944951453934,37.808549715209935,4.171049968581878,0.0,1.345499989865122,312.2905476476948,2141312.0,791.0194440417052,528.3778460200335,335.97134746932096,36.05939972838527,9.82214992601539,11495.817363408616,4661.619264886702,0.00035164884967935046,2.4808158365218658e-05,0.8937039877845757,30.0,0.00727214649985995,227
228,76097.93656020073,75886.21194423444,349478.97502543975,11581.48823902047,74957.17158536956,50858.1754268224,3614.2567199726786,1012.3344846679662,545.7999604811523,36454.0471072308,44.53604966453554,56.51099957433513,2262.5927829571892,33.90659974460108,67.40954949224263,45.61244965642764,5.785649956420025,1.345499989865122,0.0,356.1538473172978,2141248.0,768.1459442139982,517.479296102126,343.7752474105387,41.84504968480529,11.167649915880514,11515.461663260647,4773.4303140444945,0.0003414804755037978,2.0792720377377565e-05,0.8214238551626423,30.0,0.014915297807140415,228
229,76150.00740980852,75942.58839380978,351980.25950659893,11617.547638748852,74995.24923508274,50893.292976557874,3614.2567199726786,1012.3344846679662,547.2800104700038,36661.119555671045,52.070849607780225,56.376449575348616,2501.284481159262,36.05939972838527,38.07764971318296,35.117549735479685,0.0,0.0,1.4800499888516343,207.0724484402423,2141174.0,780.6590941197438,534.29804597544,351.7136973507429,40.36499969595366,9.687599927028879,11545.06266303768,4531.240315868771,0.00034704357478498594,2.4315486899324485e-05,0.7725195049637625,30.0,0.014208368904373386,229
230,76184.18310955109,75987.25899347331,354322.50588895625,11638.806538588722,75061.5823845831,50929.486926285244,3614.2567199726786,1012.3344846679662,547.2800104700038,36872.093954081894,34.1756997425741,44.670599663522054,2342.2463823572043,21.258899839868928,66.33314950035052,36.19394972737179,0.0,0.0,0.0,210.97439841085117,2141126.0,748.5016443619674,512.6354961386115,341.6224474267545,37.539449717236906,6.862049948312122,11582.46756275593,4322.553267440691,0.0003327479175759892,1.5957961513902403e-05,0.7392745009910784,30.0,0.009097080629715992,230
231,76224.81720924501,76039.1952930821,356551.46117216675,11669.483938357647,75114.19143418683,50971.062875972086,3614.2567199726786,1012.3344846679662,548.625510459869,37225.825901417425,40.634099693926686,51.9362996087937,2228.955283210561,30.677399768924783,52.60904960372627,41.575949686832274,0.0,0.0,1.345499989865122,353.7319473355406,2141068.0,735.1811944623028,510.6172461538139,345.7934973953364,34.84844973750666,5.5165499584469995,11605.206512584651,4269.809667837978,0.0003268265612681364,1.897683008326587e-05,0.744671141112757,30.0,0.013821282463724594,231
232,76272.58245888523,76092.74619267872,358802.07900521415,11690.742838197517,75174.20073373482,51003.62397572681,3620.0423699290986,1013.6799846578313,549.9710104497341,37671.455498060765,47.765249640211835,53.55089959663185,2250.61783304739,21.25889983986893,60.00929954798445,32.561099754735956,5.785649956420025,1.345499989865122,1.345499989865122,445.6295966433284,2141000.0,721.591644564665,502.8133462125961,338.12414745310514,36.59759972433132,5.5165499584469995,11633.058362374859,4276.537167787304,0.0003207855614583111,2.2306751652928412e-05,0.7509216280547852,30.0,0.00938230258004523,232
233,76305.14355863995,76148.18079226118,361053.23503825755,11704.46693809414,75229.23168332028,51034.301375495736,3624.2134198976805,1015.0254846476964,549.9710104497341,37934.90439607635,32.561099754735956,55.43459958244303,2251.156033043336,13.724099896624244,55.0309495854835,30.677399768924783,4.171049968581878,1.345499989865122,0.0,263.4488980155909,2140954.0,699.1217947339176,503.2169962095557,335.8367974703345,35.386649733452714,6.862049948312122,11654.317262214729,4225.00451817547,0.0003107964755607041,1.5206975354591014e-05,0.7518496298063101,30.0,0.006049842238614026,233
234,76356.27255825482,76200.38619186795,363430.7335203492,11734.337037869145,75266.9056830365,51080.04837515116,3629.5954198571408,1016.3709846375616,551.3165104395991,38240.063793777765,51.12899961487464,52.20539960676674,2377.49848209167,29.870099775005713,37.67399971622341,45.74699965541414,5.381999959460488,1.345499989865122,1.345499989865122,305.15939770140966,2140882.0,711.2312946427036,516.4028961102338,353.5973973365541,39.42314970304808,6.862049948312122,11668.041362111351,4161.362368654849,0.0003161799066952524,2.3877979447835592e-05,0.8021455872607428,30.0,0.012680579566869557,234
235,76407.13245787172,76236.71469159429,365812.8067024064,11758.286937688743,75327.8568325774,51105.34377496062,3633.7664698257227,1016.3709846375616,551.3165104395991,38514.007591714304,50.859899616901615,36.3284997263583,2382.073182057212,23.949899819599175,60.95114954089003,25.295399809464293,4.171049968581878,0.0,0.0,273.94379793653883,2140810.0,701.1400447187151,491.7802462957021,334.62584747945584,39.42314970304808,4.036499969595366,11697.911461886359,4103.371319091662,0.00031169393122582013,2.3760166586216555e-05,0.8739012249831728,30.0,0.009803185280686109,235
236,76445.74830758086,76287.30549121322,368147.38373482134,11773.894737571181,75395.13183207063,51134.67567473967,3633.7664698257227,1016.3709846375616,551.3165104395991,38697.80289032988,38.615849709129,50.590799618928585,2334.577032414973,15.607799882435415,67.2749994932561,29.33189977905966,0.0,0.0,0.0,183.79529861557566,2140756.0,672.4808949345882,475.0960464213746,321.0362975818181,38.07764971318296,4.036499969595366,11723.206861695822,3850.41732099702,0.00029895332198219126,1.803988456468817e-05,0.9422413622864564,30.0,0.00664082566615279,236
237,76510.33230709437,76331.84154087775,370394.23416789714,11796.364587401928,75449.62458166019,51170.86962446704,3636.592019804439,1017.7164846274267,552.6620104294643,39079.790337452585,64.58399951352587,44.53604966453554,2246.850433075767,22.469849830747542,54.49274958953744,36.19394972737179,2.8255499787167566,1.345499989865122,1.345499989865122,381.98744712270815,2140664.0,681.2266448687113,463.7938465065075,308.5231476760725,38.077649713182964,4.036499969595366,11737.469161588391,3921.190620463926,0.00030284159275388876,3.0166942765157095e-05,0.989502470118467,30.0,0.009863080890898148,237
238,76551.10095678728,76385.79609047135,372638.7972509902,11818.834437232674,75514.2085811737,51195.895924278535,3639.5521197821427,1019.0619846172918,552.6620104294643,39298.97228580162,40.7686496929132,53.9545495935914,2244.5630830929967,22.46984983074754,64.58399951352587,25.026299811491267,2.9600999777032686,1.345499989865122,0.0,219.18194834902837,2140606.0,657.4112950480987,453.1643965865731,294.52994778147524,36.73214972331783,5.381999959460488,11761.284511409005,3830.1002711500564,0.0002922543677726753,1.9043916412894114e-05,0.9601460414838261,30.0,0.010039213733513883,238
239,76590.65865648932,76433.42679011257,375052.3551328102,11846.01353702795,75560.49378082507,51228.322474034285,3642.37766976086,1020.5420346061434,552.6620104294643,39463.25783456415,39.55769970203459,47.63069964122532,2413.5578818200556,27.179099795275466,46.2851996513602,32.42654975574944,2.8255499787167566,1.4800499888516343,0.0,164.2855487625314,2140550.0,650.6837950987731,454.5098965764382,296.5481977662729,36.59759972433132,6.862049948312122,11786.84901121644,3820.2781212240416,0.00028926367985203616,1.848129317169609e-05,0.9276252731121989,30.0,0.011140613027466639,239
240,76635.59835615082,76476.21368979027,377487.17191447015,11861.486786911399,75612.83373043082,51258.59622380625,3643.7231697507245,1020.5420346061434,552.6620104294643,39741.372682469264,44.93969966149508,42.786899677710885,2434.816781659925,15.473249883448904,52.33994960575325,30.27374977196525,1.345499989865122,0.0,0.0,278.1148479051207,2142532.0,638.4397451910005,440.51669668184104,290.35889781289336,34.04114974358759,6.862049948312122,11814.297211009693,3924.958020435547,0.00028382051560791086,2.0981129004792974e-05,0.9638304732432232,30.0,0.006308448372393633,240
241,76681.7490058032,76520.61518945583,379733.08049755293,11885.436686730998,75666.11553002948,51291.56097355795,3649.5088197071445,1020.5420346061434,552.6620104294643,39970.24223074532,46.15064965237368,44.40149966554903,2245.9085830828617,23.949899819599175,53.281799598658836,32.96474975169549,5.785649956420025,0.0,0.0,228.8695482760573,2142468.0,631.3085952447152,431.6363967487312,283.09319786762165,39.82679970000761,6.862049948312122,11829.905010892126,3842.344321057829,0.00028065041219453026,2.1544599808733852e-05,0.9900775829035144,30.0,0.010697554575192612,241
242,76721.57580550319,76565.82398911528,382019.2195303328,11904.004586591138,75701.7712797609,51317.26002336436,3652.199819686875,1020.5420346061434,552.6620104294643,40268.270478500446,39.82679970000761,45.2087996594681,2286.1390327798285,18.567899860138688,35.655749731425736,25.69904980642383,2.690999979730244,0.0,0.0,298.02824775512454,2142412.0,635.4796452132971,441.1894466767736,283.2277478666082,41.03774969088622,6.862049948312122,11852.374860722874,3788.2552214652505,0.0002825045863458434,1.859688701031534e-05,0.986091504801182,30.0,0.008020095937104375,242
243,76776.74130508766,76608.34178879503,384218.1701637694,11923.917986441142,75758.82047933119,51349.41747312214,3652.199819686875,1020.5420346061434,554.0075104193295,40437.26527722751,55.16549958447,42.517799679737855,2198.9506334365688,19.913399850003806,57.049199570281175,32.15744975777641,0.0,0.0,1.345499989865122,168.99479872705933,2142334.0,632.2504452376209,425.31254679636515,272.86739794464677,38.21219971216947,5.5165499584469995,11872.422810571865,3750.5812217490275,0.0002810692334475163,2.576616562095465e-05,0.9777170001285651,30.0,0.008744852604497878,243
244,76812.93525481502,76641.17198854774,386570.2386960526,11936.70023634486,75794.74532906058,51365.29437300255,3655.025369665592,1020.5420346061434,554.0075104193295,40713.22732514884,36.19394972737179,32.830199752708985,2352.06853228322,12.78224990371866,35.92484972939876,15.876899880408441,2.8255499787167566,0.0,0.0,275.96204792133653,2142284.0,632.5195452355939,422.2178968196753,263.04524801863136,39.55769970203459,5.5165499584469995,11892.336210421869,3810.7250712959985,0.0002811890703543519,1.6900138252655168e-05,0.9409189232321754,30.0,0.005279834291322576,244
245,76850.74380453024,76682.88248823355,388950.428178124,11956.613636194863,75847.08527866635,51393.81897278769,3656.5054196544434,1020.5420346061434,554.0075104193295,40932.67837349584,37.808549715209935,41.71049968581879,2380.189482071401,19.913399850003806,52.33994960575325,28.524599785140587,1.4800499888516343,0.0,0.0,219.45104834700138,2142232.0,617.9881453450505,411.58844689974086,256.4522980682923,39.692249701021105,4.171049968581878,11905.118460325586,3679.5388222841493,0.0002747290623620637,1.765425823608066e-05,0.9261527749708026,30.0,0.008500666527523886,245
246,76893.88053420531,76734.01148784842,391355.6574150068,11971.306496084191,75897.64916828545,51417.13648761205,3662.156519611877,1020.5420346061434,555.487560408181,41145.83248189028,43.13672967507581,51.128999614874644,2405.229236882791,14.692859889327133,50.56388961913128,23.317514824362565,5.651099957433512,0.0,1.4800499888516343,213.15410839443263,2144218.0,616.9252003530571,415.26166187207264,249.4153331212977,40.44572969534558,2.690999979730244,11923.84782018451,3538.2747783482105,0.00027425682035753506,2.0120682371257545e-05,0.9769388481681004,30.0,0.006073663488231113,246
247,76941.39013884745,76781.79019248854,393671.0341625664,11987.358310963282,75955.38457285057,51448.29826737732,3664.847519591608,1020.5420346061434,555.487560408181,41260.73818102475,47.50960464213746,47.77870464011049,2315.376747559598,16.051814879090905,57.73540456511239,31.16177976527623,2.690999979730244,0.0,0.0,114.90569913448141,2144154.0,606.6994004300822,405.30496194707064,244.2486131602156,35.57501973203382,1.345499989865122,11940.020730062688,3378.7792095495984,0.00026971094982676053,2.214635699563952e-05,1.0314212920073011,30.0,0.00696203128841359,247
248,76984.29813352424,76832.13880210929,395973.21155522537,12006.370225820076,75996.085947544,51481.07464713043,3669.301124558061,1020.5420346061434,555.487560408181,41491.45106428693,42.90799467679874,50.348609620752875,2302.1773926590213,19.011914856794174,40.70137469341994,32.77637975311438,4.453604966453554,0.0,0.0,230.71288326217245,2144096.0,608.906020413461,414.9521968744037,252.07942310123062,38.68312470862226,1.345499989865122,11956.220549940665,3297.0131751654953,0.0002706918826368657,2.0011576528448404e-05,1.0550515506304623,30.0,0.008293795241392263,248
249,77043.13684808105,76880.14624174769,398281.1342328411,12032.540200622952,76035.33418224836,51517.79334185385,3670.6466245479264,1022.022084594995,555.487560408181,41698.51005772727,58.83871455680179,48.00743963838755,2307.922677615745,26.169974802876624,39.24823470436561,36.718694723419176,1.345499989865122,1.4800499888516343,0.0,207.05899344034364,2144016.0,628.4965002658971,423.71140180842565,266.6646429913685,38.68312470862226,2.8255499787167566,11975.232464797458,3221.24807073619,0.0002794008675977623,2.744316027955858e-05,1.0472505415685907,30.0,0.011332766731563125,249
250,77081.75269779019,76912.93607650067,400619.3710252285,12053.960560461604,76077.42142193133,51552.85707158974,3670.6466245479264,1023.3675845848602,555.487560408181,41871.04352142767,38.615849709129,32.789834753013025,2338.2367923874062,21.420359838652743,42.08723968298102,35.063729735885076,0.0,1.345499989865122,0.0,172.5334637004046,2143964.0,625.0251102920452,414.4139968784576,270.9567879590383,35.709569731020345,4.171049968581879,12002.465384592328,3205.869005852032,0.00027785767402485476,1.8006498707249406e-05,1.0111374685613905,30.0,0.009104140144527432,250
251,77130.19069742532,76944.7167862613,402750.99283917225,12071.748070327623,76130.86468152878,51576.88770140873,3670.6466245479264,1023.3675845848602,555.487560408181,42070.17751992772,48.4379996351444,31.780709760614183,2131.6218139437187,17.787509866016915,53.44325959744265,24.03062981899108,0.0,0.0,0.0,199.13399850003808,2143898.0,620.019850329747,392.75144704162915,263.79872801295585,34.08151474328354,4.171049968581879,12021.19474445125,2997.276142423242,0.00027563261058676425,2.2590341114956108e-05,0.9673282530280742,30.0,0.00822013351082031,251
252,77174.52492209137,76999.10189585164,404986.90435733047,12089.253025195769,76166.70880125879,51605.45266619356,3670.6466245479264,1024.7130845747254,555.487560408181,42358.27597775764,44.334224666055775,54.385109590348236,2235.911518158164,17.50495486814524,35.84411973000685,28.56496478483654,0.0,1.345499989865122,0.0,288.09845782992,2143840.0,628.509955265796,411.29243690197046,267.98323298143634,28.282409786964866,4.171049968581879,12038.982254317267,3058.671306960787,0.000279407162324699,2.0667339345048322e-05,0.9273954081626602,30.0,0.007606563174011874,252
253,77212.72366680363,77048.36065048061,407311.443959821,12110.054455039084,76210.81429092656,51637.973400948606,3670.6466245479264,1024.7130845747254,555.487560408181,42576.56989611335,38.19874471227082,49.258754628962116,2324.5396024905795,20.801429843314786,44.10548966777871,32.52073475504,0.0,0.0,0.0,218.2939183557174,2143788.0,622.6032103102879,416.44570186315394,270.95678795903825,28.282409786964866,4.171049968581879,12057.832709175278,3109.706121576371,0.0002767813398204323,1.7810782651090062e-05,0.9048223625850701,30.0,0.00934483394107461,253
254,77258.05356146219,77108.0604850309,409567.5245228272,12127.586319907026,76263.42334053028,51667.93768572291,3673.6201795255283,1024.7130845747254,556.9676103970328,42798.45629944201,45.329894658555965,59.69983455031547,2256.0805630062423,17.53186486794254,52.60904960372627,29.96428477429627,2.97355497760192,0.0,1.4800499888516343,221.88640332865725,2143726.0,613.844005376266,422.05643682089146,266.1398979953211,25.45685980824811,2.690999979730244,12078.76868901758,3045.2163070621364,0.0002728876106407517,2.1137736716288043e-05,0.862962607403581,30.0,0.007717666818276575,254
255,77286.69925624641,77160.66953463464,411843.43775568414,12149.504514741928,76311.86134016541,51705.07348544317,3676.445729504245,1024.7130845747254,558.313110386898,42998.034312938704,28.645694784228453,52.60904960372627,2275.913232856854,21.918194834902838,48.437999635144386,37.13579972027737,2.8255499787167566,0.0,1.345499989865122,199.5780134966936,2143688.0,592.7062005354849,424.8819867996082,268.21196797971345,22.765859828517865,1.345499989865122,12094.82050389667,3016.409152279123,0.00026349099685551693,1.3356905794473719e-05,0.7783978279425044,30.0,0.00954959786307289,255
256,77330.48182591663,77203.87353930922,414016.5816993151,12165.973434617878,76345.51229491194,51727.35496527534,3676.445729504245,1026.0585845645905,558.313110386898,43216.71842629148,43.782569670211075,43.20400467456907,2173.143943630956,16.468919875949094,33.6509547465267,22.281479832166422,0.0,1.345499989865122,0.0,218.6841133527783,2143630.0,602.8378154591694,434.43503672765064,267.6603129838687,22.765859828517865,2.690999979730244,12116.738698731573,2932.490317911236,0.00026799500641847907,2.0417157538933272e-05,0.7413031006309455,30.0,0.007506411320525352,256
257,77363.85022566529,77241.17079902827,416229.7677226445,12187.972359452173,76393.65428454932,51756.92905505258,3677.7912294941098,1026.0585845645905,558.313110386898,43412.44830981716,33.36839974865503,37.29725971906119,2213.186023329342,21.998924834294748,48.14198963737407,29.574089777235383,1.345499989865122,0.0,0.0,195.72988352567933,2143586.0,588.0642255704503,423.59030680933773,260.40806803849574,21.285809839666232,2.690999979730244,12133.207618607523,2952.2691677622533,0.00026142743428314433,1.555809772334729e-05,0.7744999684590387,30.0,0.009876452864677577,257
258,77413.94319028794,77284.10570370486,418567.62777503463,12206.728629310892,76443.82797917139,51785.17109983984,3677.7912294941098,1026.0585845645905,558.313110386898,43662.06546793694,50.092964622678494,42.93490467659605,2337.8600523902446,18.756269858719804,50.17369462207041,28.242044787268913,0.0,0.0,0.0,249.61715811977746,2143518.0,587.9834955710583,416.3515168638634,250.4782781132911,18.460259860949474,2.690999979730244,12159.808153407157,2912.6038280610296,0.00026139149789420273,2.3365400859840243e-05,0.7716955567895323,30.0,0.008075604756476056,258
259,77434.17951013554,77309.77784351147,420972.4264519207,12229.010109143059,76484.39480386581,51806.24162968113,3679.136729483975,1026.0585845645905,558.313110386898,43843.788696568125,20.236319847571437,25.67213980662653,2404.798676886034,22.281479832166426,40.566824694433436,21.070529841287815,1.345499989865122,0.0,0.0,181.7232286311834,2143490.0,567.6529907241963,401.4568319760565,246.88579314035124,18.325709861962963,2.690999979730244,12176.788363279255,2870.2743983798728,0.0002523534565156373,9.442729522025688e-06,0.7463804252379564,30.0,0.009354092099276652,259
260,77470.88474985906,77346.76563823287,423241.73327982734,12247.483824003906,76530.14180352124,51833.111264478735,3680.4822294738397,1026.0585845645905,558.313110386898,44089.59808971659,36.705239723520535,36.987794721392206,2269.3068279066165,18.473714860848126,45.74699965541415,26.869634797606494,1.345499989865122,0.0,0.0,245.8093931484591,2143440.0,558.6112307923028,392.6976270420346,240.1717481909243,18.325709861962963,2.690999979730244,12197.589793122568,2900.2252281542706,0.0002483338621505068,1.7125501080659553e-05,0.8253920922490774,30.0,0.008123161790449333,260
261,77517.07576451113,77386.2426079355,425538.5555825267,12265.459703868506,76583.08722812243,51856.886249299656,3683.738339449314,1026.0585845645905,558.313110386898,44304.68971809642,46.19101465206964,39.476969702642684,2296.8223026993583,17.97587986459803,52.945424601192556,23.774984820916707,3.2561099754735956,0.0,0.0,215.0916283798384,2143378.0,551.8568208431799,379.2291721434847,230.86088826105765,17.262764869969516,2.690999979730244,12214.71800799355,2999.0656574097625,0.0002453311710933807,2.1543796009989752e-05,0.9534879938496639,30.0,0.0075811866788206405,261
262,77554.19810923151,77423.06894265811,427930.7200145079,12285.97857871395,76639.19457769979,51889.2858890556,3685.2183894381656,1026.0585845645905,559.658610376763,44526.46848142589,37.12234472037872,36.826334722608394,2392.164431981201,20.51887484544311,56.10734957737559,32.399639755952144,1.4800499888516343,0.0,1.345499989865122,221.77876332946806,2143328.0,531.5263159963179,358.60265729885236,231.03580325974008,16.051814879090905,0.0,12235.38488783788,2988.503482489322,0.0002362932983809349,1.7316022161264138e-05,0.9854058223209128,30.0,0.008578280712023309,262
263,77588.79091397094,77463.1648423561,430352.8487312634,12299.070293615336,76689.40863732157,51905.189698935814,3686.846444425902,1027.538634553442,559.658610376763,44753.68306471441,34.59280473943229,40.095899697980634,2422.128716755497,13.091714901387638,50.21405962176636,15.903809880205742,1.6280549877367978,1.4800499888516343,0.0,227.2145832885232,2143282.0,515.9050611139837,348.4844973750666,217.24442836362263,16.334369876962583,1.4800499888516343,12254.558262693457,3004.340017370034,0.00022934890499885256,1.6133455586098777e-05,0.9260821063240536,30.0,0.00525710216795679,263
264,77624.58121370136,77493.30404212908,432534.0791298334,12311.099063524729,76733.68904198802,51926.55623877487,3691.165499393369,1027.538634553442,559.658610376763,44949.34567324059,35.790299730412244,30.139199772978735,2181.2303985700455,12.02876990939419,44.280404666461166,21.366539839058138,4.319054967467042,0.0,0.0,195.66260852618603,2143234.0,507.4149561779348,334.3432924815842,212.57554339879061,20.653424844429622,1.4800499888516343,12267.932532592717,3028.8146621856804,0.00022557467740690106,1.6694635624503423e-05,0.8436897963569312,30.0,0.005862647457047424,264
265,77638.57441359594,77540.11398677649,434801.44843775465,12322.414718439497,76782.58451161973,51949.90066359902,3692.6455493822205,1027.538634553442,559.658610376763,45203.36261632723,13.993199894597268,46.809944647407605,2267.3693079212107,11.315654914765677,48.89546963169853,23.344424824159866,1.4800499888516343,0.0,0.0,254.01694308663636,2143214.0,472.5126864408335,332.25776749729323,203.9912534634512,22.13347483328126,1.4800499888516343,12279.813297503226,3085.0296517622455,0.00021005863260978186,6.531731558878229e-06,0.8258943680032413,30.0,0.004932601438773329,265
266,77681.93987826929,77576.69813150093,437154.0820800336,12346.189703260414,76811.86259139919,51988.23395831029,3695.619104359823,1029.1666895411788,559.658610376763,45359.37334015209,43.36546467335288,36.58414472443267,2352.6336422789636,23.774984820916707,29.278079779465052,38.33329471125733,2.97355497760192,1.6280549877367978,0.0,156.0107238248609,2143156.0,486.60007133472146,339.5638324422609,220.32562334041373,23.626979822031547,3.1081049765884323,12290.994402419004,2955.9154727347877,0.00021632133768038786,2.022758661163745e-05,0.9296287356932549,30.0,0.009890984989673763,266
267,77720.6768229775,77608.7883062592,439426.860297914,12367.125683102713,76839.02823619456,52011.43037813555,3695.619104359823,1029.1666895411788,559.658610376763,45498.10784410708,38.73694470821687,32.09017475828317,2272.7782178804687,20.9359798423013,27.165644795376817,23.196419825274702,0.0,0.0,0.0,138.73450395499273,2143104.0,498.17137124756147,344.4883624051672,224.06611331223877,22.281479832166422,3.1081049765884323,12316.249437228773,2870.2743983798728,0.0002214654081736709,1.806909280236416e-05,1.045962021301845,30.0,0.009062726526196305,267
268,77759.56177268461,77628.52679111052,441744.44366545696,12383.742607977547,76884.85596584936,52033.711857967726,3695.619104359823,1029.1666895411788,559.658610376763,45639.04896804545,38.88494970710203,19.738484851321342,2317.583367542977,16.61692487483426,45.827729654806056,22.281479832166422,0.0,0.0,0.0,140.94112393837153,2143052.0,491.22859129985744,318.39911760168246,226.60910829308386,20.653424844429622,3.1081049765884323,12338.961477057697,2784.296949027492,0.0002183788927081081,1.8140649024380483e-05,1.032908504039213,30.0,0.007014597431427716,268
269,77789.27041246083,77666.86008582178,444046.1904981192,12396.968872877924,76926.92975053245,52050.46333284154,3695.619104359823,1029.1666895411788,559.658610376763,45901.82511606611,29.7086397762219,38.33329471125733,2301.7468326622643,13.22626490037415,42.073784683082366,16.75147487382077,0.0,0.0,0.0,262.7761480206583,2143012.0,478.86344639299693,314.65862762985745,214.5130633841964,19.173374855577986,3.1081049765884323,12350.97679196719,2856.1062834865934,0.0002128819315561338,1.3859693952687337e-05,0.9345550499259069,30.0,0.005722994593711266,269
270,77810.97332729734,77686.18146567624,446305.89045609825,12415.213852740493,76956.00600531344,52062.34409775205,3697.2471593475602,1029.1666895411788,559.658610376763,46085.83569468006,21.70291483652442,19.321379854463153,2259.6999579789795,18.244979862571054,29.076254780985288,11.88076491050903,1.6280549877367978,0.0,0.0,184.01057861395412,2142982.0,471.49010644853604,304.9037527033353,203.3992334679105,20.801429843314786,3.1081049765884323,12367.311161844156,2827.7969636998314,0.00020960388247429602,1.013109364382462e-05,0.9276943028557749,30.0,0.008414372391682811,270
271,77856.90869695134,77735.89769030176,448556.50828914565,12434.239222597187,76993.77419002894,52088.94463255168,3697.2471593475602,1029.1666895411788,561.2866653644998,46201.13158881161,45.93536965399527,49.71622462551626,2250.6178330473895,19.025369856692826,37.76818471551398,26.600534799633465,0.0,0.0,1.6280549877367978,115.29589413154231,2142920.0,478.0292363992806,315.22373762560085,203.41268846780918,19.173374855577986,1.4800499888516343,12385.421591707738,2745.4523643200855,0.00021251119619402413,2.1433853988915492e-05,1.0251866194739911,30.0,0.00855100617154825,271
272,77896.29148165471,77769.61592004777,450868.25218673254,12447.317482498675,77033.02242473331,52115.81426734929,3697.2471593475602,1029.1666895411788,561.2866653644998,46337.06745278769,39.38278470335213,33.71822974601996,2311.7438975869622,13.078259901488988,39.248234704365615,26.869634797606487,0.0,0.0,0.0,135.93586397607328,2142866.0,478.16378639826706,309.6937326672552,199.94129849395716,17.827874865712868,1.4800499888516343,12402.95345657568,2628.7975151987794,0.0002125710414103578,1.8377841363824392e-05,1.0459533863298451,30.0,0.005695676491292463,272
273,77918.69405648594,77809.72527474565,453137.30336964113,12457.718197420332,77065.70461948714,52140.00635716707,3697.2471593475602,1029.1666895411788,561.2866653644998,46540.61469125448,22.402574831254285,40.10935469787928,2269.0511829085417,10.400714921657393,32.682194753823815,24.192089817774896,0.0,0.0,0.0,203.54723846679568,2142836.0,467.88416647569755,317.1208926113106,201.85190847956562,17.827874865712868,1.4800499888516343,12415.897166478182,2653.460530013007,0.00020800119437900674,1.0450267742213259e-05,0.9767494602493226,30.0,0.004412291233251074,273
274,77953.1119462267,77836.89091954104,455367.0794078455,12469.32986233287,77093.38155427866,52163.05477199345,3697.2471593475602,1029.1666895411788,561.2866653644998,46741.107644744276,34.41788974074982,27.165644795376817,2229.776038204379,11.611664912536003,27.67693479152556,23.04841482638954,0.0,0.0,0.0,200.49295348980183,2142790.0,474.6251214249219,316.60960261516186,204.51599845949858,15.136874885982621,1.4800499888516343,12424.952381409978,2612.7457003196887,0.0002109979242540943,1.606135072142081e-05,0.9699891625139818,30.0,0.005506303244250858,274
275,77984.58319098965,77877.92866923191,457706.91734522086,12486.094792206588,77147.90121386798,52187.39486681011,3697.2471593475602,1029.1666895411788,561.2866653644998,46878.348643710524,31.4712447629452,41.03774969088623,2339.837937375346,16.76492987371942,54.51965958933475,24.34009481666006,0.0,0.0,0.0,137.24099896624244,2142748.0,451.57670659853227,303.12769271671334,189.02929357615102,13.508819898245827,1.4800499888516343,12438.192101310251,2537.8686258836947,0.0002007515965853428,1.4683893574467846e-05,1.051353838082618,30.0,0.0074157999560627765,275
276,78027.51809566624,77919.49116391885,459949.731278327,12502.442617083452,77182.48056360752,52211.31785662992,3697.2471593475602,1029.1666895411788,561.2866653644998,46997.15629281562,42.93490467659604,41.56249468693362,2242.813933106172,16.34782487686123,34.57934973953364,23.92298981980187,0.0,0.0,0.0,118.8076491050903,2142690.0,459.9322615355947,310.1108376641133,193.50980854240186,10.25270992277223,1.4800499888516343,12454.957031183969,2434.46695166256,0.00020446605381907153,2.003656085624307e-05,1.1328742594764798,30.0,0.007171908546120054,276
277,78062.46073040304,77946.06478871868,462185.4409714866,12521.467986940144,77216.48134835143,52231.675271476575,3697.2471593475602,1029.1666895411788,561.2866653644998,47151.28331665466,34.94263473679722,26.57362479983616,2235.7096931596843,19.025369856692826,34.000784743891636,20.357414846659296,0.0,0.0,0.0,154.12702383904974,2142642.0,460.8741115285003,302.6836777200579,189.0562035759483,7.427159944055473,0.0,12472.636901050795,2362.872897201837,0.00020488463742540127,1.631263937525992e-05,1.1660651150672225,30.0,0.008363477992376531,277
278,78093.35341017033,77978.94880847099,464537.6036887692,12542.390511782547,77246.17653312776,52252.75925631776,3698.592659337425,1029.1666895411788,561.2866653644998,47322.24254536693,30.892679767303207,32.88401975230358,2352.1627172825106,20.92252484240265,29.69518477632324,21.083984841186464,1.345499989865122,0.0,0.0,170.95922871226242,2142600.0,462.07160651948027,305.8725126960382,191.7606585555772,8.772659933920597,0.0,12488.702170929786,2340.9950673666303,0.00020541694372477895,1.4419301358820438e-05,1.1932816699067659,30.0,0.008812622637942344,278
279,78134.05478486375,78014.07981320636,466752.4715870859,12556.666266675016,77274.53967291409,52275.14837614911,3698.592659337425,1029.1666895411788,561.2866653644998,47454.72047436905,40.701374693419936,35.13100473537834,2214.8678983166733,14.275754892468944,28.363139786356776,22.38911983135563,0.0,0.0,0.0,132.4779290021199,2142544.0,474.4098414265433,312.6403776450598,193.3618035435167,8.772659933920597,0.0,12512.59825074979,2212.0288933380584,0.00021090189453697302,1.899644495426893e-05,1.2014599938339994,30.0,0.006390200738816729,279
280,78171.17712958412,78050.637047931,469026.0436499604,12570.59219157012,77305.17670768332,52296.50146098827,3698.592659337425,1029.1666895411788,561.2866653644998,47682.15033765595,37.12234472037871,36.557234724635364,2273.5720628744884,13.925924895104014,30.637034769228826,21.35308483915949,0.0,0.0,0.0,227.4298632869016,2142494.0,480.8951513776932,318.56057760046633,189.87695856976603,6.081659954190352,0.0,12525.528505652395,2286.852147774457,0.00021378506651446174,1.7323219651116902e-05,1.0921168098939404,30.0,0.005847165181546288,280
281,78204.54552933278,78086.13133766365,471303.34274780686,12585.433056458332,77341.78776240755,52318.365835823584,3699.9381593272906,1029.1666895411788,561.2866653644998,47945.33013567356,33.36839974865502,35.49428973264192,2277.2990978464154,14.840864888212298,36.61105472422997,21.864374835308233,1.345499989865122,0.0,0.0,263.1797980176179,2142450.0,477.65249640211835,317.44381260887826,184.32004361162308,4.319054967467042,0.0,12537.826375559762,2406.6958318717434,0.00021234345004914756,1.5573033712571568e-05,0.8927035927235192,30.0,0.006510324843214735,281
282,78224.90294417946,78126.07923236274,473663.34973003017,12607.99709128837,77387.0503820666,52345.35656562027,3704.6743192916156,1029.1666895411788,561.2866653644998,48100.73538450299,20.3574148466593,39.94789469909547,2360.006982223424,22.564034830038096,45.26261965906271,26.990729796694353,4.73615996432523,0.0,0.0,155.40524882942162,2142422.0,452.74729158971496,312.1290876489111,180.74101363858185,9.055214931792271,0.0,12552.667240447974,2416.8409017953268,0.00020127163193673178,9.50006043947725e-06,0.730743980880748,30.0,0.008990396310085795,282
283,78242.42135404747,78161.00841209965,476023.0607022559,12615.424251232427,77416.19391184709,52368.418435446554,3704.6743192916156,1029.1666895411788,561.2866653644998,48213.74392865176,17.518409868043893,34.92917973689857,2359.7109722256537,7.427159944055473,29.14352978047854,23.061869826288195,0.0,0.0,0.0,113.0085441487716,2142398.0,441.12217167728033,317.9147376053311,190.8457185624689,9.055214931792271,0.0,12575.231275278013,2267.342397921413,0.00019610358212302339,8.17930269547518e-06,0.720091897146761,30.0,0.003198722660630473,283
284,78275.37264879928,78186.53254690739,478248.69260049146,12630.695676117397,77449.92559659302,52384.59134532474,3706.01981928148,1029.1666895411788,561.2866653644998,48373.85842744571,32.951294751796844,25.52413480774137,2225.6318982355942,15.271424884969136,33.73168474591861,16.172909878178768,1.345499989865122,0.0,0.0,160.11449879394954,2142354.0,440.3417816831585,309.7071876671538,184.8851536073664,8.772659933920595,0.0,12582.658435222069,2247.7653730688758,0.00019575671374677956,1.5379332842292606e-05,0.8636751128962272,30.0,0.006387145870665868,284
285,78315.44163849746,78220.65442665035,480537.33426325244,12643.208826023143,77489.73894129312,52414.93237009619,3707.6478742692175,1029.1666895411788,561.2866653644998,48679.959675140024,40.06898969818333,34.1218797429795,2288.6416627609783,12.513149905745635,39.81334470010896,30.3410247714585,1.6280549877367978,0.0,0.0,306.10124769431525,2142300.0,440.5974266812329,304.0157227100243,191.4646485578069,10.400714921657393,0.0,12597.929860107037,2438.4227216327636,0.00019587050642252193,1.8694859200005764e-05,0.9693824130106001,30.0,0.005394890610623272,285
286,78336.79472333663,78247.82007144573,482938.5404551656,12655.076135933752,77531.96073097507,52433.594454955615,3713.3124292265493,1029.1666895411788,561.2866653644998,48769.50269946555,21.353084839159486,27.165644795376814,2401.2061919130942,11.867309910610377,42.221789681967536,18.662084859429243,5.664554957332163,0.0,0.0,89.54302432552387,2142272.0,419.7287218384248,288.9595778234337,183.6742036164878,16.065269878989557,0.0,12610.443010012783,2391.895331983228,0.00018659328221488602,9.962661316493422e-06,0.9563470491552343,30.0,0.004861078205937333,286
287,78373.49996306012,78270.2361012769,485081.55865402345,12669.36534582612,77564.75056572809,52453.33293980694,3717.914039191888,1029.1666895411788,561.2866653644998,48922.418773313715,36.705239723520535,22.416029831152933,2143.018198857876,14.289209892367598,32.789834753013025,19.738484851321342,4.601609965338717,0.0,0.0,152.91607384817112,2142222.0,423.64412680893236,278.5857729015735,186.5266635950019,20.666879844328275,0.0,12623.93837491113,2343.955167344333,0.00018833380313959078,1.7138728940840625e-05,0.9351355716265004,30.0,0.006667834238246827,287
288,78401.8496478466,78299.48727105654,487281.3434974537,12676.657955771188,77587.6644305555,52464.00275472658,3717.914039191888,1029.1666895411788,561.2866653644998,49056.56512230328,28.349684786458123,29.251169779667755,2199.7848434302855,7.2926099450689605,22.913864827403028,10.669814919630419,0.0,0.0,0.0,134.14634898955268,2142184.0,429.07994676798745,284.92307785383827,183.83566361527164,20.666879844328275,0.0,12636.599529815761,2272.092012885637,0.0001907503937342817,1.3232903731662401e-05,0.8967740334098042,30.0,0.003300478273288579,288
289,78425.31516766983,78332.00800581157,489438.54326620477,12691.068260662643,77625.4864352706,52488.24866454394,3719.5420941796247,1029.1666895411788,561.2866653644998,49217.32546109236,23.46551982324773,32.52073475504,2157.1997687510548,14.410304891455459,37.82200471510858,24.2459098173695,1.6280549877367978,0.0,0.0,160.76033878908478,2142152.0,414.7234618761266,279.62180789376964,187.15904859023848,22.294934832065074,0.0,12645.372189749682,2297.3874126951014,0.00018436795731999008,1.0956159212949212e-05,0.8234246595875382,30.0,0.00667022674197273,289
290,78454.87580244718,78364.38073556773,491701.25714416103,12698.212865608828,77650.86256507944,52508.74062938959,3723.98224414618,1029.1666895411788,561.2866653644998,49371.89649992806,29.560634777336737,32.37272975615484,2262.713877956277,7.144604946183797,25.376129808856202,20.491964845645807,4.440149966554904,0.0,0.0,154.57103883570522,2142112.0,418.90796684460713,286.6184078410683,188.6390985790901,26.735084798619976,0.0,12659.93049964002,2330.0426974491284,0.00018622809643849435,1.380220471159868e-05,0.7969451396118212,30.0,0.0031714874340963125,290
291,78478.20677227144,78392.58241535533,493936.96683732077,12710.860565513558,77688.60383979516,52528.45220424111,3727.090349122768,1029.1666895411788,561.2866653644998,49478.87720412224,23.330969824261217,28.20167978757296,2235.7096931596843,12.647699904732146,37.74127471571667,19.71157485152404,3.1081049765884323,0.0,0.0,106.98070419417586,2142080.0,404.49766195315163,277.07881291292455,182.49016362540652,29.84318977520841,0.0,12666.92709958732,2290.6060927461813,0.00017982192255501145,1.0897127578655679e-05,0.8185065558002439,30.0,0.005522530205758025,291
292,78507.12156705363,78422.84271012738,496162.06053556036,12731.446715358496,77715.83675959003,52549.886019079655,3728.435849112634,1030.7947445289155,561.2866653644998,49652.217967816556,28.914794782201476,30.260294772066594,2225.093698239648,20.58614984493637,27.232919794870078,21.433814838551392,1.345499989865122,1.6280549877367978,0.0,173.3407636943237,2142042.0,406.179536940483,280.10618789012113,186.94376859186008,29.84318977520841,1.6280549877367978,12684.458964455262,2294.750232714966,0.0001805696465019438,1.3497396881978338e-05,0.8518808200677762,30.0,0.008580486267586977,292
293,78538.74081681547,78465.14522980872,498499.8667679511,12745.991570248938,77738.2258794214,52578.66626386288,3728.435849112634,1030.7947445289155,561.2866653644998,49740.227122153636,31.619249761830368,42.30251968135944,2337.8062323906497,14.544854890441972,22.389119831355636,28.78024478321496,0.0,0.0,0.0,88.00915433707765,2142000.0,415.4096668709578,300.0195877401249,199.25509349912593,29.84318977520841,1.6280549877367978,12700.160949336989,2253.2550130275254,0.0001846730363105196,1.4759891300436392e-05,0.8839751271671833,30.0,0.006130432072297605,293
294,78563.24237163093,78495.88990457715,500817.6519604925,12769.887650068942,77771.90374416772,52593.09002375424,3730.0639041003706,1032.274794517767,561.2866653644998,49880.71077609545,24.501554815443875,30.744674768418037,2317.7851925414566,23.89607982000457,33.677864746324005,14.42375989135411,1.6280549877367978,1.4800499888516343,0.0,140.4836539418174,2141966.0,406.23335694007767,297.086397762219,193.22725354453019,28.215134787471612,3.1081049765884323,12716.199309216183,2166.8873686780835,0.00018059346975676544,1.1442669251996339e-05,0.8808042138815596,30.0,0.010207261243525605,294
295,78584.04380147422,78525.59854435337,503163.1409978252,12784.17685996131,77802.94442893392,52606.3162886546,3731.4094040902355,1032.274794517767,561.2866653644998,50028.67540998092,20.801429843314786,29.708639776221894,2345.4890373327794,14.289209892367598,31.040684766188367,13.22626490037415,1.345499989865122,0.0,0.0,147.9646338854675,2141938.0,395.99410201720406,295.7543527722525,181.4944936329063,27.932579789599934,3.1081049765884323,12737.121834058584,2055.870164514312,0.00017604153949103517,9.712916603345963e-06,0.8728468071749861,30.0,0.006158731300311936,295
296,78618.60969621387,78543.26495922031,505434.81590571406,12794.550664883169,77837.22776867569,52616.56899857738,3731.4094040902355,1032.274794517767,561.2866653644998,50183.12535381753,34.565894739634984,17.666414866929053,2271.674907888779,10.37380492186009,34.283339741763314,10.25270992277223,0.0,0.0,0.0,154.44994383661736,2141892.0,396.2766570150758,279.13742789741826,168.0125837344578,25.10702981088318,3.1081049765884323,12754.371143928654,2046.424754585459,0.00017616707801807686,1.6137068635574266e-05,0.889601837686541,30.0,0.004743542303205799,296
297,78643.71672602475,78571.34554400877,507650.59874402377,12803.32332481709,77862.30788848674,52636.92641342404,3732.754904080101,1032.274794517767,561.2866653644998,50391.01855725159,25.10702981088318,28.0805847884851,2215.7828383097817,8.772659933920595,25.08011981108588,20.3574148466593,1.345499989865122,0.0,0.0,207.89320343406,2141858.0,396.30356701487307,282.13789287481745,175.42628867861464,26.4525298007483,3.1081049765884323,12761.78484887281,2139.977368880781,0.00017617904961796498,1.1723221247181238e-05,0.8761048027510272,30.0,0.003994409621069941,297
298,78665.71565085903,78589.01195887572,510086.93594067235,12822.913804669526,77890.38847327523,52658.14494826421,3735.728459057703,1032.274794517767,561.2866653644998,50574.06037587285,21.998924834294748,17.666414866929053,2436.3371966484724,19.59047985243618,28.0805847884851,21.218534840172975,2.97355497760192,0.0,0.0,183.0418186212512,2141828.0,390.22190706068267,271.7237229532614,172.88329369776952,28.0805847884851,3.1081049765884323,12770.557508806733,2164.5192886959203,0.00017347534556538677,1.0274263746533921e-05,0.8679085359813865,30.0,0.008348146377589606,298
299,78697.73855061783,78610.9974287101,512331.76812376326,12832.883959594426,77918.46905806373,52677.42596311898,3737.35651404544,1033.6202945076323,562.9147203522366,50658.2886752384,32.022899758789904,21.985469834396095,2244.8321830909695,9.970154924900555,28.080584788485094,19.2810148547672,1.6280549877367978,1.345499989865122,1.6280549877367978,84.22829936555664,2141786.0,392.5361670432507,264.0005530114356,171.36287870922195,26.4525298007483,2.8255499787167566,12790.147988659168,1939.3902303916882,0.00017450445241165772,1.4948854198895922e-05,0.9041743940627505,30.0,0.004356880862280232,299
300,78720.30258544786,78635.17606352798,514620.705796522,12850.1198144646,77962.57454773149,52690.65222801934,3737.35651404544,1035.2483494953692,562.9147203522366,50794.02271421599,22.564034830038096,24.178634817876247,2288.9376727587487,17.23585487017221,44.105489667778706,13.22626490037415,0.0,1.6280549877367978,0.0,135.7340389775935,2141756.0,370.99471220551015,244.07369816153314,155.47252382891483,21.070529841287815,4.453604966453554,12800.118143584068,1982.7422400651426,0.00016492816655471393,1.0533962524158857e-05,0.9097153795801557,30.0,0.007564085150320793,300
301,78745.12706026087,78673.92646323609,516879.28898950946,12863.480629363961,78007.27205739482,52711.84385285971,3737.35651404544,1035.2483494953692,562.9147203522366,51011.50933257779,24.8244748130115,38.75039970811552,2258.583192987391,13.360814899360662,44.697509663319366,21.191624840375674,0.0,0.0,0.0,217.48661836179832,2141722.0,351.12167735520234,238.12658820632933,149.92906387067057,19.442474853551015,4.453604966453554,12817.35399845424,2047.1782345797833,0.00015609340762704087,1.1595615329018412e-05,0.8790034907162774,30.0,0.005848778980912431,301
302,78770.6511950686,78699.31604804486,519118.99481763906,12875.630494272442,78038.09746216262,52726.68471774793,3737.35651404544,1035.2483494953692,562.9147203522366,51145.1578465711,25.52413480774137,25.389584808754854,2239.7058281295836,12.149864908482053,30.82540476780995,14.840864888212298,0.0,0.0,0.0,133.64851399330257,2141688.0,345.82040739513366,232.6907682472742,146.5249488963118,17.81441986581422,4.453604966453554,12832.194863342453,2042.361344616066,0.0001537366246829717,1.1920232007384314e-05,0.8669349508925059,30.0,0.005667457679881806,302
303,78793.21522989865,78722.24336787216,521431.58638021955,12885.883204195216,78069.25924192791,52745.44098760665,3737.35651404544,1035.2483494953692,562.9147203522366,51345.408610062725,22.5640348300381,22.92731982730168,2312.591562580577,10.25270992277223,31.16177976527623,18.756269858719804,0.0,0.0,0.0,200.25076349162615,2141658.0,337.22266245989556,224.4563083092997,146.00020390026438,14.854319888110947,4.453604966453554,12842.864678262084,2078.8916693409037,0.00014991452347459363,1.053500200258523e-05,0.8827687953459111,30.0,0.004482080707262914,303
304,78819.02191970425,78755.04665762506,523665.4258283934,12899.082559095794,78099.23698170208,52762.98630747448,3737.35651404544,1035.2483494953692,564.5427753399733,51487.897058989445,25.80668980561304,32.80328975291168,2233.8394481737714,13.199354900576846,29.97773977419492,17.545319867841194,0.0,0.0,1.6280549877367978,142.48844892671642,2141624.0,331.4235575035769,225.65380330027966,146.92859889327133,13.22626490037415,2.8255499787167566,12853.117388184855,2068.006574422895,0.00014733673490628042,1.2049048984812632e-05,0.9248776161559773,30.0,0.005861688112915011,304
305,78845.20534950703,78781.91629242265,525841.5164170021,12910.963324006301,78119.8904065465,52778.540287357326,3737.35651404544,1035.2483494953692,564.5427753399733,51606.82580309362,26.183429802775276,26.869634797606487,2176.0905886087608,11.880764910509027,20.653424844429622,15.553979882840812,0.0,0.0,0.0,118.92874410417815,2141588.0,336.9535624619225,231.8700132534565,147.6282588880012,13.22626490037415,2.8255499787167566,12869.42484806202,2075.662469365228,0.00014979510236339812,1.2230299499772803e-05,0.9927903830438201,30.0,0.005512658807317704,305
306,78871.22731931102,78798.81577229538,528070.3775152133,12924.472143904546,78148.17281633349,52800.969772188386,3740.316614023143,1035.2483494953692,564.5427753399733,51740.16485208926,26.02196980399146,16.899479872705932,2228.8610982112705,13.508819898245827,28.282409786964866,22.429484831051585,2.9600999777032686,0.0,0.0,133.3390489956336,2141552.0,334.69312247894914,220.48708333919757,146.09438889955499,11.732759911623864,1.345499989865122,12881.171062973543,2038.4863046452544,0.00014879028902213033,1.2155004443189946e-05,1.047794392116373,30.0,0.0061852272006601705,306
307,78890.2661441676,78818.95790714366,530235.0851739079,12928.777743872115,78161.25107623497,52811.922142105876,3741.6621140130073,1035.2483494953692,564.5427753399733,51922.74920071395,19.038824856591475,20.142134848280882,2164.707658694502,4.305599967568391,13.078259901488986,10.952369917502093,1.345499989865122,0.0,0.0,182.58434862469707,2141526.0,340.6536874340516,227.55095828598945,146.65949889529833,11.450204913752188,1.345499989865122,12893.051827884054,2129.818843957299,0.00015144015614611364,8.890627688401669e-06,1.0996950004645956,30.0,0.0018679815721278433,307
308,78924.58984890908,78845.41043694438,532536.8858265697,12939.59556379063,78199.08653594997,52823.80290701638,3744.9182239884817,1035.2483494953692,564.5427753399733,52027.402189925655,34.32370474145927,26.4525298007483,2301.8006526618587,10.817819918515582,37.83545971500723,11.880764910509027,3.2561099754735956,0.0,0.0,104.6529892117092,2141480.0,337.14193246050365,216.1680283717305,135.8416789767827,11.880764910509027,1.345499989865122,12897.639982849494,2102.3302791643546,0.00014987892076323434,1.602944378299616e-05,1.1267182878588293,30.0,0.004613820654573528,308
309,78959.47866364627,78863.37286180908,534816.1762644013,12948.516228723438,78215.6900058249,52836.76007191879,3744.9182239884817,1036.7283994842207,564.5427753399733,52139.415064081935,34.88881473720262,17.962424864699383,2279.290437831415,8.92066493280576,16.603469874935605,12.957164902401127,0.0,1.4800499888516343,0.0,112.01287415627141,2141434.0,355.4272773227707,217.52698336149433,139.75708394729023,11.880764910509027,2.8255499787167566,12906.829747780273,2066.6610744330305,0.0001580079855453175,1.6288113877374616e-05,1.673332831778417,30.0,0.004008991618652532,309
